0	4.975099325180054	2.29824644724528	1.0	0
1	5.869220495223999	2.307560539245605	1.0	0
2	6.747433185577393	2.3003334681193035	1.0	0
3	7.621271133422852	2.303353468577067	1.0	0
4	8.486613988876343	2.29929453531901	1.0	0
5	9.327188968658447	2.30533610979716	1.0	0
6	10.21193790435791	2.3050125598907467	1.0	0
7	11.05650019645691	2.305700254440308	1.0	0
8	11.908173322677612	2.3025863647460936	1.0	0
9	12.763403415679932	2.3039302984873453	1.0	0
10	13.604716539382935	2.300732040405274	1.0	0
11	14.472877740859985	2.299960740407308	1.0	0
12	15.340638637542725	2.2945762634277345	1.0	0
13	16.177539348602295	2.304770628611247	1.0	0
14	17.02826762199402	2.306653626759847	1.0	0
15	17.864980936050415	2.304306920369466	1.0	0
16	18.72836399078369	2.3044667879740395	1.0	0
17	19.585977792739868	2.300274149576823	1.0	0
18	20.437057495117188	2.305265204111735	1.0	0
19	21.289891958236694	2.301222244898478	1.0	0
20	22.15079641342163	2.302028560638427	1.0	0
21	23.001261949539185	2.301117817560832	1.0	0
22	23.859126329421997	2.3066493193308513	1.0	0
23	24.721980571746826	2.3046643257141115	1.0	0
24	25.57041883468628	2.2994994799296062	1.0	0
25	26.42309856414795	2.3011443932851154	1.0	0
26	27.282310485839844	2.3058435599009197	1.0	0
27	28.13255000114441	2.3015262126922607	1.0	0
28	28.989022493362427	2.301312351226806	1.0	0
29	29.83121681213379	2.2973464012146	1.0	0
30	30.688299894332886	2.3019217650095625	1.0	0
31	31.544068336486816	2.3005729357401528	1.0	0
32	32.400386333465576	2.305983448028564	1.0	0
33	33.251025915145874	2.2990245501200364	1.0	0
34	34.10021758079529	2.302888139088948	1.0	0
35	34.94671559333801	2.2982115904490152	1.0	0
36	35.8226432800293	2.3035626570383707	1.0	0
37	36.6829833984375	2.3013475100199376	1.0	0
38	37.546852350234985	2.302483177185058	1.0	0
39	38.39677119255066	2.3054008960723875	1.0	0
40	39.26005434989929	2.300269476572673	1.0	0
41	40.10145545005798	2.3001774628957112	1.0	0
42	40.961156368255615	2.2985191822052	1.0	0
43	41.811588525772095	2.3026782035827638	1.0	0
44	42.674612045288086	2.3042177518208824	1.0	0
45	43.51891827583313	2.3036445299784347	1.0	10.0000%
46	45.751514196395874	2.3071810563405353	1.0	10.0000%
47	47.97264504432678	2.302615372339884	1.0	10.0000%
48	50.19210386276245	2.301546319325765	1.0	10.0000%
49	52.40637254714966	2.3008680979410805	1.0	10.0000%
50	54.64134883880615	2.3001060644785563	1.0	0
51	55.48684477806091	2.305300251642863	1.0	0
52	56.34902381896973	2.3049232482910154	1.0	0
53	57.20442843437195	2.301331758499145	1.0	0
54	58.05529737472534	2.306397120157878	1.0	0
55	58.906078815460205	2.304066769282023	1.0	0
56	59.76335263252258	2.3044352054595945	1.0	0
57	60.62205243110657	2.2995810985565184	1.0	0
58	61.48889136314392	2.2960436185201014	1.0	0
59	62.35103702545166	2.3088933944702146	1.0	0
60	63.211549282073975	2.3018657207489013	1.0	0
61	64.07366347312927	2.3011009534200033	1.0	0
62	64.93523693084717	2.3033194382985434	1.0	0
63	65.77318239212036	2.3054970423380534	1.0	0
64	66.6378424167633	2.3024147510528565	1.0	0
65	67.51368737220764	2.2994935353597006	1.0	0
66	68.36933612823486	2.3076451301574705	1.0	0
67	69.23402309417725	2.299217383066813	1.0	0
68	70.11519169807434	2.301310046513875	1.0	0
69	70.96803569793701	2.307700268427531	1.0	0
70	71.81732273101807	2.2990675449371336	1.0	0
71	72.67610216140747	2.2983294328053794	1.0	0
72	73.53339743614197	2.305311377843221	1.0	0
73	74.38260865211487	2.306606912612915	1.0	0
74	75.2473452091217	2.303522682189941	1.0	0
75	76.10468006134033	2.3025328000386556	1.0	0
76	76.96468758583069	2.3033490339914953	1.0	0
77	77.81884789466858	2.3043187618255616	1.0	0
78	78.68155765533447	2.301413122812907	1.0	0
79	79.53619432449341	2.3059318542480467	1.0	0
80	80.38811373710632	2.3001091798146565	1.0	0
81	81.24522280693054	2.2988733927408855	1.0	0
82	82.12794375419617	2.3023977279663086	1.0	0
83	82.97798705101013	2.3029105981191	1.0	0
84	83.8419828414917	2.297281948725382	1.0	0
85	84.69625186920166	2.3046058972676593	1.0	0
86	85.5508394241333	2.3093800385793055	1.0	0
87	86.407719373703	2.3010613441467287	1.0	0
88	87.26366829872131	2.2985828558603925	1.0	0
89	88.10661315917969	2.304967228571574	1.0	0
90	88.97649931907654	2.307216453552246	1.0	0
91	89.8516035079956	2.3042002201080325	1.0	0
92	90.70348620414734	2.3070989449818926	1.0	0
93	91.56059741973877	2.305751959482828	1.0	0
94	92.42960810661316	2.302560377120972	1.0	0
95	93.29348373413086	2.30248916943868	1.0	10.0000%
96	95.53055906295776	2.2975513935089107	1.0	10.0000%
97	97.75224781036377	2.3054998874664308	1.0	10.0000%
98	99.98731303215027	2.3030219078063965	1.0	10.0000%
99	102.23154497146606	2.3019513130187983	1.0	10.0000%
100	104.45321488380432	2.3059877236684163	1.0	0
101	105.31851983070374	2.3026225090026853	1.0	0
102	106.17446374893188	2.3018317222595215	1.0	0
103	107.02006363868713	2.3096324920654294	1.0	0
104	107.88552188873291	2.2997453212738037	1.0	0
105	108.74453973770142	2.2990836779276527	1.0	0
106	109.58323669433594	2.3035775025685625	1.0	0
107	110.43095660209656	2.3009141921997074	1.0	0
108	111.29932618141174	2.301331106821696	1.0	0
109	112.15110468864441	2.30069359143575	1.0	0
110	112.9932177066803	2.3031853357950847	1.0	0
111	113.84816455841064	2.3057719071706138	1.0	0
112	114.70328164100647	2.2977705319722492	1.0	0
113	115.55643773078918	2.306598424911499	1.0	0
114	116.4033555984497	2.3033863385518396	1.0	0
115	117.24646353721619	2.3002028942108157	1.0	0
116	118.09384202957153	2.301163880030314	1.0	0
117	118.93905735015869	2.306692552566528	1.0	0
118	119.78252935409546	2.2994537353515625	1.0	0
119	120.62251901626587	2.3041472752888996	1.0	0
120	121.49250483512878	2.300565099716186	1.0	0
121	122.34147429466248	2.3030111471811927	1.0	0
122	123.2165675163269	2.301994037628174	1.0	0
123	124.07165217399597	2.2991304238637285	1.0	0
124	124.93412661552429	2.301718044281006	1.0	0
125	125.7698564529419	2.3060495217641193	1.0	0
126	126.62278008460999	2.302607170740764	1.0	0
127	127.4766685962677	2.3010372638702394	1.0	0
128	128.34424448013306	2.298673741022746	1.0	0
129	129.20306015014648	2.303272724151611	1.0	0
130	130.05501532554626	2.2984076658884685	1.0	0
131	130.91188097000122	2.3032662868499756	1.0	0
132	131.775780916214	2.3046006520589195	1.0	0
133	132.6228542327881	2.3029992421468095	1.0	0
134	133.48346590995789	2.2978360335032146	1.0	0
135	134.33998847007751	2.301874685287476	1.0	0
136	135.19027757644653	2.3035020510355633	1.0	0
137	136.02482533454895	2.3066628615061444	1.0	0
138	136.87742376327515	2.3020135879516603	1.0	0
139	137.72947669029236	2.3002264976501463	1.0	0
140	138.57856607437134	2.301243623097738	1.0	0
141	139.44545483589172	2.3040153344472247	1.0	0
142	140.31678557395935	2.3030576705932617	1.0	0
143	141.1961545944214	2.302409839630127	1.0	0
144	142.0563657283783	2.306246105829875	1.0	0
145	142.91483449935913	2.3078234990437823	1.0	10.5600%
146	145.17010116577148	2.3037212053934737	1.0	11.5900%
147	147.40106177330017	2.304838180541992	1.0	10.4100%
148	149.63012647628784	2.304011487960816	1.0	10.9700%
149	151.86131596565247	2.3048026720682784	1.0	11.7100%
150	154.0987160205841	2.306353727976481	1.0	0
151	154.95685935020447	2.3042957146962486	1.0	0
152	155.81596899032593	2.3021331628163657	1.0	0
153	156.66692113876343	2.307212654749552	1.0	0
154	157.5249845981598	2.301368920008341	1.0	0
155	158.38843441009521	2.3032618045806887	1.0	0
156	159.22839951515198	2.3003285249074295	1.0	0
157	160.08265209197998	2.2995574315389	1.0	0
158	160.92538380622864	2.302820825576782	1.0	0
159	161.7830491065979	2.30037415822347	1.0	0
160	162.65986490249634	2.307943598429362	1.0	0
161	163.523277759552	2.306231085459391	1.0	0
162	164.3732831478119	2.3028412501017255	1.0	0
163	165.2296895980835	2.3019743919372564	1.0	0
164	166.08882474899292	2.303613885243734	1.0	0
165	166.94588422775269	2.3042432626088463	1.0	0
166	167.80484294891357	2.30073881149292	1.0	0
167	168.6671724319458	2.302939144770304	1.0	0
168	169.5385160446167	2.300384124120076	1.0	0
169	170.39494514465332	2.305171155929566	1.0	0
170	171.25651812553406	2.2966458002726235	1.0	0
171	172.11987686157227	2.3026751200358073	1.0	0
172	172.97772693634033	2.305346425374349	1.0	0
173	173.84658455848694	2.3020116964976	1.0	0
174	174.70985889434814	2.305264186859131	1.0	0
175	175.5677831172943	2.302171579996744	1.0	0
176	176.43849325180054	2.308506711324056	1.0	0
177	177.29907727241516	2.3068514029184977	1.0	0
178	178.16707038879395	2.304662768046061	1.0	0
179	179.03947615623474	2.3023217519124346	1.0	0
180	179.89895009994507	2.302731196085612	1.0	0
181	180.75297021865845	2.3016188621520994	1.0	0
182	181.63147902488708	2.306646569569906	1.0	0
183	182.4936306476593	2.3027854124704996	1.0	0
184	183.3545470237732	2.3026023546854653	1.0	0
185	184.22211003303528	2.3027671496073405	1.0	0
186	185.0806701183319	2.301600313186645	1.0	0
187	185.94673490524292	2.303998549779256	1.0	0
188	186.7806897163391	2.304307985305786	1.0	0
189	187.63021206855774	2.300931469599406	1.0	0
190	188.48783135414124	2.306353871027629	1.0	0
191	189.35555720329285	2.3059647878011065	1.0	0
192	190.23919916152954	2.3025348981221514	1.0	0
193	191.09734344482422	2.30350440343221	1.0	0
194	191.9597463607788	2.3029550393422444	1.0	0
195	192.81291222572327	2.3029211203257245	1.0	9.9800%
196	195.05016493797302	2.3080395062764487	1.0	9.9900%
197	197.27235507965088	2.3060511906941734	1.0	9.9700%
198	199.49615049362183	2.304908911387125	1.0	10.0100%
199	201.70799112319946	2.302954657872518	1.0	9.9800%
200	203.92642498016357	2.3056967735290526	1.0	0
201	204.7662332057953	2.3026128768920904	1.0	0
202	205.61381793022156	2.2989513397216794	1.0	0
203	206.445641040802	2.302597411473592	1.0	0
204	207.30050659179688	2.3001427968343093	1.0	0
205	208.15800309181213	2.3058969497680666	1.0	0
206	209.01433753967285	2.298870770136515	1.0	0
207	209.8849549293518	2.301635932922363	1.0	0
208	210.73592591285706	2.3026537100474043	1.0	0
209	211.59741139411926	2.301789951324463	1.0	0
210	212.4440360069275	2.302255042394002	1.0	0
211	213.30277514457703	2.3037401835123696	1.0	0
212	214.16249775886536	2.3059521675109864	1.0	0
213	215.00366258621216	2.3026464462280276	1.0	0
214	215.85187125205994	2.29924300511678	1.0	0
215	216.71105790138245	2.299800205230713	1.0	0
216	217.55455684661865	2.3027581214904784	1.0	0
217	218.41148281097412	2.3031663417816164	1.0	0
218	219.25843405723572	2.3009677886962887	1.0	0
219	220.12219762802124	2.299667819341024	1.0	0
220	220.9782476425171	2.3019300301869707	1.0	0
221	221.8315954208374	2.301896572113037	1.0	0
222	222.68503832817078	2.301224374771118	1.0	0
223	223.54898047447205	2.303077093760173	1.0	0
224	224.41833114624023	2.303373177846273	1.0	0
225	225.28852891921997	2.3019446372985843	1.0	0
226	226.1425437927246	2.304046519597371	1.0	0
227	226.99733996391296	2.3019734859466547	1.0	0
228	227.86033177375793	2.3018054485321047	1.0	0
229	228.7204885482788	2.3012070973714196	1.0	0
230	229.57375741004944	2.3030366738637285	1.0	0
231	230.43122267723083	2.303222481409709	1.0	0
232	231.31393575668335	2.3055630683898927	1.0	0
233	232.179527759552	2.303554121653239	1.0	0
234	233.03557109832764	2.302862056096395	1.0	0
235	233.89534282684326	2.303653240203858	1.0	0
236	234.75892090797424	2.3015060742696125	1.0	0
237	235.61040902137756	2.302484353383382	1.0	0
238	236.4647753238678	2.3008367856343583	1.0	0
239	237.3180603981018	2.300467348098755	1.0	0
