0	19.130685329437256	2.29824644724528	1.0	0
1	20.021564960479736	2.307391675313314	1.0	0
2	20.90561008453369	2.3005984942118327	1.0	0
3	21.748481273651123	2.3026740233103435	1.0	0
4	22.61018204689026	2.300030755996704	1.0	0
5	23.471511840820312	2.3049842198689783	1.0	0
6	24.338981866836548	2.3032189846038817	1.0	0
7	25.205851316452026	2.305479558308919	1.0	0
8	26.083354711532593	2.3015135129292807	1.0	0
9	26.954418897628784	2.307166496912638	1.0	0
10	27.82721781730652	2.3009660085042314	1.0	0
11	28.688400983810425	2.3000898202260336	1.0	0
12	29.549185514450073	2.294797833760579	1.0	0
13	30.411364316940308	2.302746359507243	1.0	0
14	31.281901121139526	2.3063027222951247	1.0	0
15	32.17378854751587	2.304114564259847	1.0	0
16	33.031710147857666	2.3069990793863933	1.0	0
17	33.90829539299011	2.3017836252848305	1.0	0
18	34.77595281600952	2.304511038462321	1.0	0
19	35.64572525024414	2.3017585277557373	1.0	0
20	36.50809717178345	2.3023934523264566	1.0	0
21	37.378955125808716	2.303648805618286	1.0	0
22	38.23297619819641	2.306268835067749	1.0	0
23	39.09192180633545	2.302976767222087	1.0	0
24	39.96726441383362	2.2997857093811036	1.0	0
25	40.847660064697266	2.304438257217407	1.0	0
26	41.68774676322937	2.305353800455729	1.0	0
27	42.54848670959473	2.299820645650228	1.0	0
28	43.42418050765991	2.302099355061849	1.0	0
29	44.291189670562744	2.299897607167562	1.0	0
30	45.1443293094635	2.3004973729451494	1.0	0
31	46.00334358215332	2.2988492170969645	1.0	0
32	46.87739658355713	2.306762727101644	1.0	0
33	47.737468004226685	2.2964412530263267	1.0	0
34	48.594736099243164	2.3037090142567953	1.0	0
35	49.4547336101532	2.2978458245595297	1.0	0
36	50.31785178184509	2.304911152521769	1.0	0
37	51.187150955200195	2.3061013539632165	1.0	0
38	52.06233072280884	2.3026830991109213	1.0	0
39	52.93923377990723	2.306085840861002	1.0	0
40	53.81891083717346	2.302262846628825	1.0	0
41	54.680752992630005	2.3005222320556635	1.0	0
42	55.5464141368866	2.300830554962158	1.0	0
43	56.43413996696472	2.301952521006266	1.0	0
44	57.31337094306946	2.303165594736735	1.0	0
45	58.20659685134888	2.3036691983540853	1.0	10.0000%
46	60.41774249076843	2.3077109177907302	1.0	10.0000%
47	62.65053105354309	2.303024657567342	1.0	10.0000%
48	64.85619306564331	2.3017416477203367	1.0	10.0000%
49	67.07144093513489	2.299441607793172	1.0	10.0000%
50	69.33105111122131	2.2990415732065834	1.0	0
51	70.1986927986145	2.3047273476918537	1.0	0
52	71.05621123313904	2.305675013860067	1.0	0
53	71.93047189712524	2.30071603457133	1.0	0
54	72.80367112159729	2.3065982182820637	1.0	0
55	73.6838116645813	2.3036635398864744	1.0	0
56	74.56400299072266	2.3030659516652423	1.0	0
57	75.43358421325684	2.301889944076538	1.0	0
58	76.29390573501587	2.2985256671905514	1.0	0
59	77.14588499069214	2.3091802120208738	1.0	0
60	78.00260663032532	2.301314433415731	1.0	0
61	78.86547493934631	2.3032371997833248	1.0	0
62	79.70834422111511	2.302706464131673	1.0	0
63	80.60006165504456	2.3028985341389974	1.0	0
64	81.47460222244263	2.3040848731994625	1.0	0
65	82.34406113624573	2.2971551577250158	1.0	0
66	83.21220016479492	2.3047550996144617	1.0	0
67	84.09667015075684	2.3003597100575766	1.0	0
68	84.95589685440063	2.3016748905181883	1.0	0
69	85.80508780479431	2.303374592463175	1.0	0
70	86.6697449684143	2.3007470607757567	1.0	0
71	87.54666662216187	2.296834437052409	1.0	0
72	88.39581155776978	2.304346021016439	1.0	0
73	89.26247119903564	2.3072508811950683	1.0	0
74	90.12847661972046	2.30221684773763	1.0	0
75	90.99096155166626	2.30434045791626	1.0	0
76	91.86197924613953	2.300476582845052	1.0	0
77	92.71931862831116	2.3026631832122804	1.0	0
78	93.58007955551147	2.3034740606943767	1.0	0
79	94.44078207015991	2.3070448398590084	1.0	0
80	95.30292320251465	2.3018582979838054	1.0	0
81	96.16825699806213	2.299694045384725	1.0	0
82	97.0423355102539	2.304259475072225	1.0	0
83	97.89970421791077	2.304077895482381	1.0	0
84	98.7592465877533	2.2979140281677246	1.0	0
85	99.6318359375	2.3023629029591874	1.0	0
86	100.49793148040771	2.3086150487263994	1.0	0
87	101.35506558418274	2.3001956144968667	1.0	0
88	102.22978973388672	2.2980343500773115	1.0	0
89	103.10075092315674	2.3039090951283776	1.0	0
90	103.98148369789124	2.306860065460205	1.0	0
91	104.8543803691864	2.302111307779948	1.0	0
92	105.71559524536133	2.304617245992025	1.0	0
93	106.57791709899902	2.3020801067352297	1.0	0
94	107.45388221740723	2.3007722854614254	1.0	0
95	108.32446432113647	2.3027897993723547	1.0	10.0000%
96	110.5715434551239	2.2963601271311442	1.0	10.0000%
97	112.79730415344238	2.30321847597758	1.0	10.0000%
98	115.03857684135437	2.3019349098205564	1.0	10.0000%
99	117.27553415298462	2.3017640749613446	1.0	10.0000%
100	119.50553464889526	2.303623374303182	1.0	0
101	120.3874499797821	2.30053555170695	1.0	0
102	121.26745700836182	2.3026675383249917	1.0	0
103	122.15777468681335	2.303181266784668	1.0	0
104	123.0232994556427	2.3029869079589846	1.0	0
105	123.89067840576172	2.2997421105702722	1.0	0
106	124.76955604553223	2.3066308180491126	1.0	0
107	125.64579343795776	2.3022346019744875	1.0	0
108	126.5417115688324	2.3021253744761148	1.0	0
109	127.41235065460205	2.3001660982767738	1.0	0
110	128.25866508483887	2.305173905690511	1.0	0
111	129.1191282272339	2.305003658930461	1.0	0
112	129.98325443267822	2.299350754419963	1.0	0
113	130.8460967540741	2.30554305712382	1.0	0
114	131.7019236087799	2.300833479563395	1.0	0
115	132.5733721256256	2.3012282530466717	1.0	0
116	133.43818354606628	2.3066232204437256	1.0	0
117	134.29973554611206	2.301651366551717	1.0	0
118	135.17235112190247	2.2999428272247315	1.0	0
119	136.03694105148315	2.3018919467926025	1.0	0
120	136.90733814239502	2.2994322617848715	1.0	0
121	137.78715252876282	2.3014172077178956	1.0	0
122	138.64830255508423	2.304072125752767	1.0	0
123	139.52848386764526	2.2987876256306965	1.0	0
124	140.41005516052246	2.3026703357696534	1.0	0
125	141.2795057296753	2.3043613592783614	1.0	0
126	142.13595986366272	2.3014536380767825	1.0	0
127	143.00080037117004	2.303411372502645	1.0	0
128	143.85624361038208	2.2997859160105385	1.0	0
129	144.7222580909729	2.3004718462626137	1.0	0
130	145.58463764190674	2.3015808900197343	1.0	0
131	146.45010328292847	2.3016981442769366	1.0	0
132	147.31051564216614	2.3045788606007895	1.0	0
133	148.171612739563	2.3014586289723713	1.0	0
134	149.02500128746033	2.2964477539062504	1.0	0
135	149.8978078365326	2.3032338937123615	1.0	0
136	150.75579452514648	2.3016751607259116	1.0	0
137	151.6070694923401	2.3067121664683023	1.0	0
138	152.48114252090454	2.3016081492106117	1.0	0
139	153.35213613510132	2.300246238708496	1.0	0
140	154.2139868736267	2.3026089986165363	1.0	0
141	155.08650255203247	2.3033893585205076	1.0	0
142	155.95228624343872	2.3007261912027994	1.0	0
143	156.82678031921387	2.302395804723104	1.0	0
144	157.71172189712524	2.3033267498016357	1.0	0
145	158.57683801651	2.3058441321055096	1.0	10.0000%
146	160.83556962013245	2.2988059361775717	1.0	10.0000%
147	163.08110928535461	2.3033993562062585	1.0	10.0000%
148	165.30464124679565	2.3018072605133058	1.0	10.9800%
149	167.53255033493042	2.300784397125244	1.0	13.6400%
150	169.75238609313965	2.304792165756225	1.0	0
151	170.63598561286926	2.3022543589274087	1.0	0
152	171.48779821395874	2.2989854017893476	1.0	0
153	172.35519742965698	2.301974884668986	1.0	0
154	173.20575594902039	2.3018204689025876	1.0	0
155	174.04198694229126	2.3056205908457437	1.0	0
156	174.91120147705078	2.301150608062745	1.0	0
157	175.7604513168335	2.3033233960469564	1.0	0
158	176.63119220733643	2.3006573200225833	1.0	0
159	177.49688839912415	2.300873486200969	1.0	0
160	178.3519525527954	2.3055622259775794	1.0	0
161	179.22110509872437	2.3005932172139487	1.0	0
162	180.08464550971985	2.299463494618734	1.0	0
163	180.95429873466492	2.3020427227020264	1.0	0
164	181.8264992237091	2.3006404081980385	1.0	0
165	182.68257212638855	2.3015557130177817	1.0	0
166	183.55301570892334	2.299206193288167	1.0	0
167	184.417010307312	2.2990542252858477	1.0	0
168	185.26242756843567	2.302067406972249	1.0	0
169	186.11894750595093	2.302727222442627	1.0	0
170	186.9821047782898	2.299251619974772	1.0	0
171	187.86038160324097	2.3002846082051596	1.0	0
172	188.73351621627808	2.304312610626221	1.0	0
173	189.62260365486145	2.302400255203247	1.0	0
174	190.50018954277039	2.2992617448170978	1.0	0
175	191.36919498443604	2.305782842636108	1.0	0
176	192.22574877738953	2.3013635953267415	1.0	0
177	193.07758784294128	2.3026469071706135	1.0	0
178	193.94370770454407	2.302990976969401	1.0	0
179	194.81500101089478	2.30087464650472	1.0	0
180	195.68712258338928	2.3024284044901533	1.0	0
181	196.55925345420837	2.301221752166748	1.0	0
182	197.41640830039978	2.3021649519602456	1.0	0
183	198.2894208431244	2.303858121236165	1.0	0
184	199.16038393974304	2.2997443358103435	1.0	0
185	200.04792070388794	2.302524058024088	1.0	0
186	200.91666531562805	2.3014418919881185	1.0	0
187	201.78546237945557	2.3010243574778237	1.0	0
188	202.64923191070557	2.3022049268086753	1.0	0
189	203.52283191680908	2.298910442988078	1.0	0
190	204.38636374473572	2.302724854151408	1.0	0
191	205.2541356086731	2.301957543690999	1.0	0
192	206.11976790428162	2.301370588938395	1.0	0
193	206.98954319953918	2.298891623814901	1.0	0
194	207.8445053100586	2.30173069636027	1.0	0
195	208.71095156669617	2.304059251149495	1.0	15.8700%
196	210.93150448799133	2.29897190729777	1.0	10.1300%
197	213.18292880058289	2.2993877092997232	1.0	16.2200%
198	215.41636490821838	2.2997226874033605	1.0	15.3900%
199	217.65184903144836	2.3012526512145994	1.0	10.9700%
200	219.88238549232483	2.300420125325521	1.0	0
201	220.74273443222046	2.2991953531901044	1.0	0
202	221.5861005783081	2.3045854250590008	1.0	0
203	222.43184161186218	2.300725603103637	1.0	0
204	223.31951189041138	2.3056554317474367	1.0	0
205	224.1682469844818	2.2991213162740074	1.0	0
206	225.0387041568756	2.304391018549601	1.0	0
207	225.90630173683167	2.303170951207479	1.0	0
208	226.7725715637207	2.30136178334554	1.0	0
209	227.63749623298645	2.300401576360067	1.0	0
210	228.50335597991943	2.3009531021118166	1.0	0
211	229.35547351837158	2.2989709854125984	1.0	0
212	230.23684072494507	2.298560810089111	1.0	0
213	231.12103176116943	2.300957234700521	1.0	0
214	231.99903297424316	2.3036816596984857	1.0	0
215	232.8648316860199	2.3047848542531333	1.0	0
216	233.74719214439392	2.2997455279032395	1.0	0
217	234.61891198158264	2.302487055460612	1.0	0
218	235.47524118423462	2.2992782910664875	1.0	0
219	236.34463572502136	2.301938978830973	1.0	0
220	237.19786500930786	2.2986194769541424	1.0	0
221	238.07574653625488	2.2977588017781576	1.0	0
222	238.9443130493164	2.304014031092326	1.0	0
223	239.80682349205017	2.3012899239857996	1.0	0
224	240.67018246650696	2.3010679086049395	1.0	0
225	241.5454592704773	2.303205553690592	1.0	0
226	242.40380549430847	2.300675916671753	1.0	0
227	243.27314066886902	2.3019011974334718	1.0	0
228	244.14290833473206	2.3000998338063563	1.0	0
229	245.00271940231323	2.300501823425293	1.0	0
230	245.87125444412231	2.3013950188954673	1.0	0
231	246.73925614356995	2.3020120938618978	1.0	0
232	247.6044807434082	2.3001575311024984	1.0	0
233	248.48364353179932	2.3023289203643795	1.0	0
234	249.3332977294922	2.3009401162465415	1.0	0
235	250.20220828056335	2.303937228520711	1.0	0
236	251.06789827346802	2.302086687088013	1.0	0
237	251.93681955337524	2.2996768315633136	1.0	0
238	252.7952525615692	2.303741502761841	1.0	0
239	253.65978169441223	2.2988816102345786	1.0	0
240	254.51968121528625	2.3017611662546797	1.0	0
241	255.38526129722595	2.299501578013102	1.0	0
242	256.2579610347748	2.2988710880279544	1.0	0
243	257.14638805389404	2.2999143600463863	1.0	0
244	258.01071548461914	2.301522413889567	1.0	0
245	258.8584816455841	2.300511217117309	1.0	10.2600%
246	261.10589051246643	2.2978466351826987	1.0	10.0000%
247	263.33161330223083	2.3007777055104572	1.0	10.0000%
248	265.54296827316284	2.2987571716308595	1.0	10.0000%
249	267.77586793899536	2.2993172645568847	1.0	10.0000%
250	270.01211428642273	2.2971190770467125	1.0	0
251	270.8631284236908	2.29575735727946	1.0	0
252	271.74786901474	2.300349601109823	1.0	0
253	272.6167724132538	2.303213373819987	1.0	0
254	273.4962182044983	2.2966337521870934	1.0	0
255	274.3717007637024	2.2972343603769936	1.0	0
256	275.2383494377136	2.301463874181112	1.0	0
257	276.1051867008209	2.296435848871867	1.0	0
258	276.97217893600464	2.300217787424723	1.0	0
259	277.8271288871765	2.30601601600647	1.0	0
260	278.6864404678345	2.3007399400075275	1.0	0
261	279.55515336990356	2.3000388940175376	1.0	0
262	280.4404718875885	2.30133482615153	1.0	0
263	281.30972933769226	2.300056918462118	1.0	0
264	282.17303586006165	2.3027194499969488	1.0	0
265	283.0320234298706	2.3016183058420814	1.0	0
266	283.89949011802673	2.2954920291900636	1.0	0
267	284.7736496925354	2.295826450983683	1.0	0
268	285.6479995250702	2.29954408009847	1.0	0
269	286.5163016319275	2.301517899831136	1.0	0
270	287.3654978275299	2.2963282426198326	1.0	0
271	288.24671244621277	2.300207614898681	1.0	0
272	289.11241936683655	2.3033096313476564	1.0	0
273	289.9978771209717	2.3047597567240397	1.0	0
274	290.8674373626709	2.299953524271647	1.0	0
275	291.7421236038208	2.2982918262481693	1.0	0
276	292.61033296585083	2.3003233432769776	1.0	0
277	293.4805405139923	2.3017513434092205	1.0	0
278	294.34906339645386	2.3029186407725017	1.0	0
279	295.19987392425537	2.2985885938008632	1.0	0
280	296.0642611980438	2.3001652081807453	1.0	0
281	296.93274569511414	2.3000992139180503	1.0	0
282	297.80390524864197	2.296472215652466	1.0	0
283	298.67746090888977	2.295912361145019	1.0	0
284	299.5291657447815	2.294450569152832	1.0	0
285	300.4021441936493	2.2993587652842207	1.0	0
286	301.2673933506012	2.2983892917633058	1.0	0
287	302.13367795944214	2.2978353977203367	1.0	0
288	302.9960765838623	2.3002304553985593	1.0	0
289	303.87265276908875	2.3100475629170734	1.0	0
290	304.7625958919525	2.2985222975413	1.0	0
291	305.63727021217346	2.298622401555379	1.0	0
292	306.5024838447571	2.303832133611043	1.0	0
293	307.3565676212311	2.2981972058614093	1.0	0
294	308.2204327583313	2.2999576409657796	1.0	0
295	309.0788781642914	2.2965211391448976	1.0	15.6900%
296	311.31626653671265	2.300038242340088	1.0	15.8700%
297	313.55492401123047	2.3007341861724853	1.0	14.3900%
298	315.78864455223083	2.299598137537638	1.0	17.5700%
299	318.03302550315857	2.299203936258952	1.0	16.2100%
300	320.2679388523102	2.2991094430287675	1.0	0
301	321.1358046531677	2.297805833816528	1.0	0
302	322.0259156227112	2.298592789967855	1.0	0
303	322.89483523368835	2.299378108978271	1.0	0
304	323.7514681816101	2.298497486114502	1.0	0
305	324.61356949806213	2.302089929580689	1.0	0
306	325.48469591140747	2.302279869715373	1.0	0
307	326.3456001281738	2.297274812062581	1.0	0
308	327.2106809616089	2.299444961547852	1.0	0
309	328.0821359157562	2.302302773793538	1.0	0
310	328.9588928222656	2.2953233559926347	1.0	0
311	329.81934118270874	2.296231015523275	1.0	0
312	330.6904525756836	2.295973475774129	1.0	0
313	331.5522358417511	2.293795283635457	1.0	0
314	332.41869282722473	2.298182964324951	1.0	0
315	333.28387427330017	2.2975643793741862	1.0	0
316	334.1226134300232	2.302015463511149	1.0	0
317	334.98488998413086	2.2980352719624837	1.0	0
318	335.857421875	2.2983212629954024	1.0	0
319	336.7350769042969	2.301873175303141	1.0	0
320	337.6160957813263	2.3001638094584145	1.0	0
321	338.4901216030121	2.295293505986532	1.0	0
322	339.36083793640137	2.298699728647868	1.0	0
323	340.2203254699707	2.3040101528167725	1.0	0
324	341.07032537460327	2.3019593079884846	1.0	0
325	341.9231450557709	2.295709498723348	1.0	0
326	342.81147480010986	2.297167714436849	1.0	0
327	343.6781904697418	2.295919847488403	1.0	0
328	344.5411202907562	2.298124631245931	1.0	0
329	345.40417647361755	2.2962757269541427	1.0	0
330	346.2634482383728	2.297415701548258	1.0	0
331	347.14920926094055	2.29939702351888	1.0	0
332	348.0322539806366	2.2996084213256838	1.0	0
333	348.8879280090332	2.303195571899414	1.0	0
334	349.76103234291077	2.298164176940918	1.0	0
335	350.635311126709	2.295453929901123	1.0	0
336	351.51369881629944	2.2995671431223554	1.0	0
337	352.38751101493835	2.296611070632934	1.0	0
338	353.2760589122772	2.300890254974365	1.0	0
339	354.1288435459137	2.297484747568766	1.0	0
340	355.00826501846313	2.2992767969767254	1.0	0
341	355.85797357559204	2.296063264211019	1.0	0
342	356.7145125865936	2.295597918828329	1.0	0
343	357.5818781852722	2.2990774313608804	1.0	0
344	358.4389181137085	2.3011507670084637	1.0	0
345	359.32143783569336	2.2967758973439536	1.0	15.0300%
346	361.5695025920868	2.2978413740793866	1.0	14.9000%
347	363.81344509124756	2.2970870176951093	1.0	15.1400%
348	366.0527238845825	2.294568999608358	1.0	16.0200%
349	368.28488516807556	2.296967887878418	1.0	15.5400%
350	370.53533816337585	2.299445835749308	1.0	0
351	371.4062249660492	2.295601511001587	1.0	0
352	372.2749283313751	2.3007076104482014	1.0	0
353	373.6401855945587	2.299284648895264	1.0	0
354	374.62598991394043	2.2949073632558186	1.0	0
355	375.9552574157715	2.293040323257446	1.0	0
356	377.1910631656647	2.3006018161773683	1.0	0
357	378.48553013801575	2.291864045461019	1.0	0
358	379.6861696243286	2.3023790836334226	1.0	0
359	380.9590392112732	2.2984901110331215	1.0	0
360	382.27913427352905	2.29624179204305	1.0	0
361	383.4890477657318	2.293948682149251	1.0	0
362	384.7649509906769	2.2976701259613037	1.0	0
363	386.04592394828796	2.300446240107218	1.0	0
364	387.2941987514496	2.2951675415039063	1.0	0
365	388.55289578437805	2.2968475818634033	1.0	0
366	389.8429636955261	2.296440474192301	1.0	0
367	391.0760090351105	2.299882936477661	1.0	0
368	392.32600235939026	2.295018911361695	1.0	0
369	393.5928404331207	2.2948206742604573	1.0	0
370	394.82703852653503	2.2944707552591965	1.0	0
371	396.136301279068	2.294828526178996	1.0	0
372	397.3747217655182	2.29801131884257	1.0	0
373	398.7107005119324	2.2939119656880695	1.0	0
374	399.98195719718933	2.2951453049977624	1.0	0
375	401.2396013736725	2.2929991245269776	1.0	0
376	402.4974732398987	2.2990761915842692	1.0	0
377	403.80273151397705	2.2951450665791833	1.0	0
378	405.12223410606384	2.2942599137624105	1.0	0
379	406.4246618747711	2.294321489334107	1.0	0
380	407.67277932167053	2.2918728510538737	1.0	0
381	408.9327392578125	2.2930059750874836	1.0	0
382	410.16337752342224	2.2944288889567055	1.0	0
383	411.42969942092896	2.2947660764058435	1.0	0
384	412.7335102558136	2.291480223337809	1.0	0
385	413.95560574531555	2.290546973546346	1.0	0
386	415.2466526031494	2.2958836555480957	1.0	0
387	416.5305366516113	2.291033442815145	1.0	0
388	417.765127658844	2.293400589625041	1.0	0
389	419.02121233940125	2.2972240130106605	1.0	0
390	420.33645391464233	2.294149398803711	1.0	0
391	421.6138310432434	2.2880713462829587	1.0	0
392	422.8808391094208	2.290603081385295	1.0	0
393	424.1593918800354	2.2916004021962486	1.0	0
394	425.3767671585083	2.2920931975046797	1.0	0
395	426.6140089035034	2.2883766333262123	1.0	14.8000%
396	430.6851270198822	2.2908388137817384	1.0	15.6200%
397	434.78450083732605	2.2908076286315917	1.0	17.3500%
398	438.7992434501648	2.290390984217326	1.0	17.7700%
399	442.84638500213623	2.2937827110290523	1.0	14.5800%
400	446.8731882572174	2.296168565750122	1.0	0
401	448.13493371009827	2.292679214477539	1.0	0
402	449.38046503067017	2.2907132784525555	1.0	0
403	450.6019558906555	2.2921453475952145	1.0	0
404	451.88082122802734	2.293047539393107	1.0	0
405	453.1595778465271	2.294167423248291	1.0	0
406	454.3899157047272	2.2901389916737873	1.0	0
407	455.60181879997253	2.2878244400024417	1.0	0
408	456.91547536849976	2.2904190858205165	1.0	0
409	458.1056673526764	2.2934346040089926	1.0	0
410	459.3558347225189	2.289892578125001	1.0	0
411	460.6091458797455	2.286304235458374	1.0	0
412	461.9010326862335	2.2884005546569828	1.0	0
413	463.23295378685	2.2873202006022133	1.0	0
414	464.47040605545044	2.2911092440287275	1.0	0
415	465.7616620063782	2.291745694478353	1.0	0
416	467.03411412239075	2.285613282521565	1.0	0
417	468.2833228111267	2.289285739262899	1.0	0
418	469.5918049812317	2.292173894246419	1.0	0
419	470.8720791339874	2.285408480962117	1.0	0
420	472.12127208709717	2.2874808152516684	1.0	0
421	473.3545973300934	2.2860157171885174	1.0	0
422	474.51922154426575	2.2866711775461828	1.0	0
423	475.78323221206665	2.2835073471069336	1.0	0
424	477.06521439552307	2.2897869904836017	1.0	0
425	478.2657754421234	2.2813999017079674	1.0	0
426	479.49539828300476	2.2690049330393474	1.0	0
427	480.7543776035309	2.286624415715535	1.0	0
428	482.0242030620575	2.274423249562582	1.0	0
429	483.2473304271698	2.2879573345184325	1.0	0
430	484.4658679962158	2.2787809371948238	1.0	0
431	485.66856837272644	2.283415921529134	1.0	0
432	486.92887449264526	2.2880622069040935	1.0	0
433	488.19158720970154	2.2820202191670735	1.0	0
434	489.4281098842621	2.2751753171284994	1.0	0
435	490.6284191608429	2.2782819112141928	1.0	0
436	491.88155794143677	2.2790445486704503	1.0	0
437	493.16440081596375	2.2815265814463297	1.0	0
438	494.49622988700867	2.2739580790201823	1.0	0
439	495.737756729126	2.2827911853790286	1.0	0
440	496.97937750816345	2.2751024723052975	1.0	0
441	498.2375056743622	2.282623402277629	1.0	0
442	499.4450030326843	2.277887407938639	1.0	0
443	500.68356680870056	2.269966586430867	1.0	0
444	501.90544080734253	2.282874584197998	1.0	0
445	503.15345311164856	2.26744974454244	1.0	21.2600%
446	507.25492906570435	2.2728052139282227	1.0	20.7900%
447	511.31586384773254	2.2646743615468345	1.0	20.6700%
448	515.3032734394073	2.2693925539652504	1.0	20.6900%
449	519.2817306518555	2.2559542814890543	1.0	20.8400%
450	523.2441613674164	2.248249038060506	1.0	0
451	524.5063092708588	2.2756959120432536	1.0	0
452	525.7449767589569	2.263975509007772	1.0	0
453	526.9893550872803	2.258227284749349	1.0	0
454	528.2174537181854	2.260187864303589	1.0	0
455	529.5035676956177	2.258280881245931	1.0	0
456	530.7712459564209	2.2581584771474206	1.0	0
457	531.9773948192596	2.2711617946624756	1.0	0
458	533.1294724941254	2.254144763946533	1.0	0
459	534.2990353107452	2.2705018520355225	1.0	0
460	535.5517168045044	2.2397875150044757	1.0	0
461	536.8122913837433	2.2319764931996664	1.0	0
462	537.9646534919739	2.2480827649434407	1.0	0
463	539.1649713516235	2.2298898220062258	1.0	0
464	540.3189182281494	2.2146685600280764	1.0	0
465	541.5021648406982	2.238223393758138	1.0	0
466	542.7957406044006	2.1945837179819745	1.0	0
467	544.0608365535736	2.2342815240224203	1.0	0
468	545.2992372512817	2.2337683200836183	1.0	0
469	546.5362691879272	2.227305777867635	1.0	0
470	547.8017463684082	2.2311497211456297	1.0	0
471	549.0546400547028	2.218473513921102	1.0	0
472	550.263513803482	2.200923943519592	1.0	0
473	551.5759427547455	2.1862354914347337	1.0	0
474	552.8095021247864	2.206078656514485	1.0	0
475	553.9964458942413	2.2351510365804033	1.0	0
476	555.2470898628235	2.184104124704997	1.0	0
477	556.4909152984619	2.2003553390502932	1.0	0
478	557.5952260494232	2.1830422639846803	1.0	0
479	558.7525870800018	2.191207687060038	1.0	0
480	559.9445021152496	2.159457985560099	1.0	0
481	561.0838437080383	2.17071639696757	1.0	0
482	562.2896275520325	2.157549238204956	1.0	0
483	563.4336271286011	2.1555203199386592	1.0	0
484	564.6146099567413	2.133409317334493	1.0	0
485	565.8130373954773	2.129763817787171	1.0	0
486	567.0506572723389	2.122231388092041	1.0	0
487	568.2750442028046	2.1465851227442423	1.0	0
488	569.6142268180847	2.217028578122457	1.0	0
489	570.783881187439	2.171986428896586	1.0	0
490	572.0798602104187	2.1478526035944623	1.0	0
491	573.339390039444	2.267360750834147	1.0	0
492	574.5379672050476	2.152459677060445	1.0	0
493	575.7733926773071	2.15880180199941	1.0	0
494	576.9558756351471	2.119725648562113	1.0	0
495	578.179030418396	2.1979307651519777	1.0	19.5100%
496	582.1473340988159	2.188892618815104	1.0	20.1500%
497	586.1501977443695	2.122159139315287	1.0	20.5800%
498	590.1597187519073	2.101391140619914	1.0	20.5100%
499	594.1763820648193	2.166623409589132	1.0	21.7400%
500	598.1612813472748	2.1068904558817545	1.0	0
501	599.3810298442841	2.1823608080546064	1.0	0
502	600.6676952838898	2.224445120493571	1.0	0
503	601.9155881404877	2.0929075320561727	1.0	0
504	603.1824367046356	2.098176312446594	1.0	0
505	604.4296309947968	2.0617899258931476	1.0	0
506	605.5936379432678	2.0901386896769205	1.0	0
507	606.8080866336823	2.0582089026769	1.0	0
508	607.9369926452637	2.078503179550171	1.0	0
509	609.1740148067474	2.217904202143351	1.0	0
510	610.4348609447479	2.0556004524230955	1.0	0
511	611.6191515922546	2.1144247690836586	1.0	0
512	612.8122835159302	2.1474287668863936	1.0	0
513	614.0505020618439	2.032919677098592	1.0	0
514	615.2702188491821	2.1352632919947307	1.0	0
515	616.4864416122437	2.176843492190043	1.0	0
516	617.6820154190063	2.057792083422343	1.0	0
517	618.9496734142303	2.061301016807556	1.0	0
518	620.2214579582214	2.0189310391743978	1.0	0
519	621.4594316482544	2.0809775749842325	1.0	0
520	622.7595038414001	2.1601473013559978	1.0	0
521	624.0255768299103	2.202841313680013	1.0	0
522	625.2353603839874	2.0710161685943604	1.0	0
523	626.4297964572906	2.084198021888733	1.0	0
524	627.68727850914	2.0651310682296757	1.0	0
525	628.89124751091	2.023976222674052	1.0	0
526	630.0684597492218	2.089689572652181	1.0	0
527	631.264475107193	2.043681701024373	1.0	0
528	632.4932010173798	2.02407861550649	1.0	0
529	633.6627209186554	2.071365658442179	1.0	0
530	634.8341155052185	1.9892082929611206	1.0	0
531	636.0274474620819	2.03168199857076	1.0	0
532	637.176105260849	2.0626036167144775	1.0	0
533	638.374993801117	2.0698252280553184	1.0	0
534	639.6250801086426	2.0052999655405683	1.0	0
535	640.8657031059265	1.9233652512232464	1.0	0
536	642.1041085720062	2.05334095954895	1.0	0
537	643.3150522708893	2.0575874487559	1.0	0
538	644.5175354480743	2.165495697657267	1.0	0
539	645.7437002658844	2.0953318357467654	1.0	0
540	646.9698150157928	1.9997600317001347	1.0	0
541	648.1871230602264	2.137714298566182	1.0	0
542	649.4325892925262	1.9685913085937496	1.0	0
543	650.6512036323547	2.05231298605601	1.0	0
544	651.8629539012909	2.114594952265422	1.0	0
545	652.9786684513092	2.1628476778666186	1.0	19.9500%
546	656.9645140171051	2.0853959719340005	1.0	21.8100%
547	661.0386028289795	2.071953845024109	1.0	22.1700%
548	665.0634112358093	2.1558913230895995	1.0	20.9300%
549	669.0790026187897	2.0187736908594767	1.0	22.1100%
550	673.1129338741302	2.148755343755086	1.0	0
551	674.3901724815369	2.0950413227081297	1.0	0
552	675.6334276199341	2.045787930488587	1.0	0
553	676.8384239673615	2.0055260340372723	1.0	0
554	678.0092422962189	2.060375126202901	1.0	0
555	679.2448742389679	2.0450743993123375	1.0	0
556	680.3850581645966	2.029867696762085	1.0	0
557	681.5026226043701	1.8821555534998577	1.0	0
558	682.6437237262726	2.0145259618759153	1.0	0
559	683.8477830886841	1.8745966434478756	1.0	0
560	685.1209156513214	2.05583667755127	1.0	0
561	686.2921228408813	1.9476435105005898	1.0	0
562	687.5039024353027	2.0075138250986733	1.0	0
563	688.6481373310089	2.0339704910914107	1.0	0
564	689.868049621582	2.023681640625	1.0	0
565	691.1267378330231	1.9465910116831462	1.0	0
566	692.469438791275	1.9607834974924725	1.0	0
567	693.6863403320312	2.0407357931137087	1.0	0
568	694.8947849273682	1.9224527915318808	1.0	0
569	696.140011548996	2.0489522139231364	1.0	0
570	697.3372135162354	2.1339642047882075	1.0	0
571	698.5909650325775	2.097945443789164	1.0	0
572	699.7563819885254	2.0318056265513103	1.0	0
573	700.9233477115631	2.1050517082214353	1.0	0
574	702.065238237381	2.055748637517293	1.0	0
575	703.2569596767426	1.969882917404175	1.0	0
576	704.4349145889282	1.9246104637781782	1.0	0
577	705.696141242981	2.020717533429464	1.0	0
578	706.8821890354156	2.0349246501922607	1.0	0
579	708.0817618370056	2.114824112256368	1.0	0
580	709.2619252204895	1.9907394011815385	1.0	0
581	710.4645111560822	2.0734132448832194	1.0	0
582	711.5891997814178	1.9381220102310177	1.0	0
583	712.7612504959106	2.030264417330424	1.0	0
584	714.0272195339203	2.000722710291545	1.0	0
585	715.2502603530884	1.976424797375997	1.0	0
586	716.409786939621	2.02556414604187	1.0	0
587	717.6960084438324	1.9745031515757243	1.0	0
588	718.9525101184845	2.1407264947891234	1.0	0
589	720.1853864192963	2.068631911277771	1.0	0
590	721.4336822032928	1.978532846768697	1.0	0
591	722.6249027252197	2.0024580081303913	1.0	0
592	723.8389358520508	1.9648048877716064	1.0	0
593	725.0098032951355	2.019693899154663	1.0	0
594	726.1721301078796	2.0530221939086912	1.0	0
595	727.3226854801178	1.9670462449391684	1.0	21.3200%
596	731.3588988780975	2.0604564905166627	1.0	22.0700%
597	735.3714618682861	1.9901561657587683	1.0	21.1800%
598	739.3566391468048	1.8811278422673543	1.0	21.9600%
599	743.3671486377716	1.9562917153040567	1.0	21.5000%
600	747.306489944458	2.0344855785369873	1.0	0
601	748.518905878067	1.951941641171773	1.0	0
602	749.7499129772186	1.965888849894206	1.0	0
603	750.9530639648438	2.237907648086548	1.0	0
604	752.1424088478088	2.1483254035313926	1.0	0
605	753.3209693431854	2.0343146959940595	1.0	0
606	754.491236448288	2.0116137822469073	1.0	0
607	755.7556416988373	1.9479092359542847	1.0	0
608	756.9106500148773	1.9683097759882608	1.0	0
609	758.129369020462	2.08980442682902	1.0	0
610	759.3286490440369	2.040160298347473	1.0	0
611	760.5689616203308	1.938199305534363	1.0	0
612	761.7873003482819	1.9454226891199748	1.0	0
613	763.0816779136658	1.941457994778951	1.0	0
614	764.2571454048157	1.9874093850453693	1.0	0
615	765.4826786518097	2.0823980569839478	1.0	0
616	766.7271990776062	1.9352554003397624	1.0	0
617	767.9979796409607	2.023064160346985	1.0	0
618	769.2003293037415	2.0721898317337035	1.0	0
619	770.381721496582	2.2438765048980716	1.0	0
620	771.5134358406067	2.326464875539144	1.0	0
621	772.7122614383698	1.9565074443817139	1.0	0
622	773.9364168643951	1.968123443921407	1.0	0
623	775.1089820861816	1.9691978454589845	1.0	0
624	776.2759268283844	2.035388978322347	1.0	0
625	777.5236659049988	2.0450058619181313	1.0	0
626	778.6530492305756	2.076277502377828	1.0	0
627	779.8863186836243	2.016614484786987	1.0	0
628	781.1582040786743	1.9877341826756794	1.0	0
629	782.4286758899689	2.001502005259196	1.0	0
630	783.6776955127716	1.993547224998474	1.0	0
631	784.9032163619995	1.8842649459838865	1.0	0
632	786.1270248889923	2.00565288066864	1.0	0
633	787.3322420120239	1.9225946823755895	1.0	0
634	788.5844769477844	2.100678658485413	1.0	0
635	789.7629535198212	2.096882303555806	1.0	0
636	790.9405148029327	2.037436111768087	1.0	0
637	792.0704715251923	2.098422813415527	1.0	0
638	793.2779970169067	1.9926376263300576	1.0	0
639	794.4090001583099	1.9616881052652997	1.0	0
640	795.5531415939331	1.9542208433151242	1.0	0
641	796.7681322097778	2.0042660156885783	1.0	0
642	797.948588848114	1.992457890510559	1.0	0
643	799.1832730770111	1.9631607850392663	1.0	0
644	800.3102324008942	1.9422311544418331	1.0	0
645	801.5420341491699	1.957634671529134	1.0	23.3500%
646	805.5951628684998	1.844948705037435	1.0	19.9200%
647	809.4746940135956	2.014391438166301	1.0	18.3100%
648	813.4656708240509	2.088215978940328	1.0	22.1900%
649	817.5074372291565	2.0228923161824546	1.0	24.0000%
650	821.4384360313416	2.1642224470774334	1.0	0
651	822.6065921783447	1.7773732423782347	1.0	0
652	823.7813277244568	2.0982127428054813	1.0	0
653	824.9575312137604	2.002809794743856	1.0	0
654	826.147411108017	1.949431204795837	1.0	0
655	827.3380324840546	1.9401625315348308	1.0	0
656	828.5745124816895	2.056943861643473	1.0	0
657	829.8089582920074	1.8502810319264729	1.0	0
658	831.028879404068	1.9534491777420044	1.0	0
659	832.2914943695068	1.9692967812220257	1.0	0
660	833.5401387214661	1.979069447517395	1.0	0
661	834.7682042121887	1.9451293627421062	1.0	0
662	836.0253050327301	1.9702515999476118	1.0	0
663	837.2264478206635	1.946931791305542	1.0	0
664	838.3626761436462	1.793212087949117	1.0	0
665	839.5281236171722	1.9654389460881552	1.0	0
666	840.6390492916107	2.128362345695496	1.0	0
667	841.8094184398651	1.9015185753504436	1.0	0
668	842.9760143756866	1.9391052484512328	1.0	0
669	844.1776711940765	1.960799225171407	1.0	0
670	845.3841872215271	1.9043835401535034	1.0	0
671	846.5503256320953	1.9514871040980017	1.0	0
672	847.7230253219604	2.000032575925191	1.0	0
673	848.9757571220398	2.0806092898050945	1.0	0
674	850.1640331745148	1.9718005736668907	1.0	0
675	851.3819723129272	1.881126634279887	1.0	0
676	852.6629636287689	1.8313886404037474	1.0	0
677	853.897620677948	1.889665118853251	1.0	0
678	855.0990948677063	2.0790826559066775	1.0	0
679	856.2977905273438	2.2525969266891477	1.0	0
680	857.5298233032227	2.093630321820577	1.0	0
681	858.7818269729614	2.098619683583578	1.0	0
682	859.9676158428192	1.8766425530115765	1.0	0
683	861.1752800941467	1.9392138163248698	1.0	0
684	862.4118163585663	2.0429815769195554	1.0	0
685	863.6102805137634	2.1333598216374714	1.0	0
686	864.8012855052948	1.9846705675125123	1.0	0
687	865.9771287441254	2.010570089022319	1.0	0
688	867.2114334106445	1.990984360376994	1.0	0
689	868.3866093158722	2.070312054951986	1.0	0
690	869.5765709877014	1.9610572973887126	1.0	0
691	870.8063318729401	1.9588993151982625	1.0	0
692	871.9532251358032	1.8967476447423297	1.0	0
693	873.1571819782257	1.885982672373454	1.0	0
694	874.4558620452881	1.845494270324707	1.0	0
695	875.7031519412994	1.9265863418579103	1.0	24.2300%
696	879.714599609375	1.917914152145386	1.0	23.1200%
697	883.6029794216156	1.906195561091105	1.0	21.7700%
698	887.6122074127197	2.0767046451568603	1.0	22.2800%
699	891.6184034347534	2.0498906135559083	1.0	19.2600%
700	895.6467859745026	2.0916560570398968	1.0	0
701	896.8006930351257	1.937839500109355	1.0	0
702	897.9965755939484	1.9957199414571125	1.0	0
703	899.2097237110138	1.9850611845652262	1.0	0
704	900.4275348186493	1.9186744054158529	1.0	0
705	901.6610260009766	1.9412514130274456	1.0	0
706	902.875860452652	2.066646377245585	1.0	0
707	904.0718779563904	1.9753598372141523	1.0	0
708	905.3002364635468	1.9292758146921791	1.0	0
709	906.4092264175415	1.9200479904810588	1.0	0
710	907.5906636714935	1.9213400761286414	1.0	0
711	908.7913196086884	1.9347640275955198	1.0	0
712	909.9930250644684	2.0830488125483195	1.0	0
713	911.1802425384521	1.9129241943359374	1.0	0
714	912.4135482311249	1.9495508352915445	1.0	0
715	913.5661556720734	2.083938654263814	1.0	0
716	914.7376074790955	1.902458349863688	1.0	0
717	915.9355628490448	1.9248295386632281	1.0	0
718	917.1002237796783	1.9913611173629762	1.0	0
719	918.3480291366577	1.8678748289744056	1.0	0
720	919.5923562049866	1.9242242177327473	1.0	0
721	920.7561724185944	2.0301090002059943	1.0	0
722	922.0166158676147	1.8357396602630613	1.0	0
723	923.2101528644562	1.9571902672449748	1.0	0
724	924.437980890274	1.8850345611572266	1.0	0
725	925.6987442970276	1.975411001841227	1.0	0
726	926.9910373687744	1.9705597321192425	1.0	0
727	928.143027305603	1.9906021674474077	1.0	0
728	929.344628572464	1.9097560803095501	1.0	0
729	930.5901699066162	1.7099155902862546	1.0	0
730	931.753668308258	1.7921318451563517	1.0	0
731	932.9112913608551	2.029159084955851	1.0	0
732	934.043484210968	2.01091894308726	1.0	0
733	935.2977945804596	2.1135103702545166	1.0	0
734	936.5180048942566	2.1023056904474897	1.0	0
735	937.6800951957703	2.042556913693746	1.0	0
736	938.8748202323914	1.9501208066940305	1.0	0
737	940.0950379371643	1.9403683741887412	1.0	0
738	941.30823802948	1.994448590278625	1.0	0
739	942.5761749744415	2.039440981547038	1.0	0
740	943.7649607658386	1.8836713314056397	1.0	0
741	944.9981546401978	1.7579737027486164	1.0	0
742	946.1715893745422	1.9034591913223264	1.0	0
743	947.3876838684082	1.975207694371541	1.0	0
744	948.6461091041565	1.8715946197509767	1.0	0
745	949.8277399539948	1.8648462772369385	1.0	18.2300%
746	953.8442666530609	2.0866662661234536	1.0	21.9700%
747	957.7658350467682	2.0544549783070885	1.0	22.5100%
748	961.7878129482269	1.9348696311314901	1.0	26.4600%
749	965.810497045517	1.9339205423990882	1.0	23.2200%
750	969.8241293430328	1.872547125816345	1.0	0
751	971.0714821815491	1.9125221967697144	1.0	0
752	972.2777574062347	2.0179587602615356	1.0	0
753	973.4025573730469	1.9926387468973796	1.0	0
754	974.6227991580963	1.9367971102396646	1.0	0
755	975.7424840927124	1.9322855234146117	1.0	0
756	977.0033206939697	1.8453936735788983	1.0	0
757	978.1971318721771	1.802673029899597	1.0	0
758	979.3849158287048	1.8791265805562338	1.0	0
759	980.6171622276306	2.0134910662968957	1.0	0
760	981.8097698688507	2.2858107884724936	1.0	0
761	982.9840378761292	2.109704772631327	1.0	0
762	984.0982892513275	1.87352397441864	1.0	0
763	985.286919593811	1.9148363669713337	1.0	0
764	986.4989535808563	1.870054229100545	1.0	0
765	987.7221577167511	1.883845583597819	1.0	0
766	988.8632564544678	1.9558125972747802	1.0	0
767	990.0920441150665	1.8368031501770017	1.0	0
768	991.2899584770203	1.9148070494333902	1.0	0
769	992.4973466396332	1.967466672261556	1.0	0
770	993.768134355545	2.0313849290211996	1.0	0
771	994.962158203125	1.880327033996582	1.0	0
772	996.1112847328186	1.9068357547124226	1.0	0
773	997.2578861713409	1.982312115033468	1.0	0
774	998.4576842784882	2.055394728978475	1.0	0
775	999.6669244766235	1.9228924671808878	1.0	0
776	1000.8899140357971	1.9470603704452514	1.0	0
777	1002.0157904624939	1.787195126215617	1.0	0
778	1003.2383766174316	1.8976256211598719	1.0	0
779	1004.4558420181274	1.984323326746623	1.0	0
780	1005.6402432918549	2.063522553443909	1.0	0
781	1006.8118939399719	2.093006722132365	1.0	0
782	1007.9815328121185	1.9737931569417317	1.0	0
783	1009.2612292766571	1.9198537985483806	1.0	0
784	1010.4745187759399	1.726171398162842	1.0	0
785	1011.7371225357056	1.9485954125722253	1.0	0
786	1012.9325792789459	2.0164802869160967	1.0	0
787	1014.0899767875671	1.857672381401062	1.0	0
788	1015.3108847141266	1.9277457475662232	1.0	0
789	1016.4943060874939	1.8900325616200764	1.0	0
790	1017.6809329986572	1.9298402150472003	1.0	0
791	1018.8990716934204	1.9173422733942664	1.0	0
792	1020.1406862735748	1.96304779847463	1.0	0
793	1021.3647744655609	1.8145072778065998	1.0	0
794	1022.53835272789	1.8747786839803064	1.0	0
795	1023.6641097068787	1.931986427307129	1.0	24.5800%
796	1027.7283096313477	1.9844908873240152	1.0	24.2400%
797	1031.7562732696533	1.9934401591618858	1.0	27.4300%
798	1035.7654366493225	1.873101711273193	1.0	25.5700%
799	1039.7234048843384	1.8866728226343792	1.0	24.3900%
800	1043.7888197898865	1.8930219411849973	1.0	0
801	1044.995138168335	1.9087530533472696	1.0	0
802	1046.2307214736938	1.8476575374603268	1.0	0
803	1047.3638772964478	1.844306985537211	1.0	0
804	1048.5369040966034	2.0839771827061973	1.0	0
805	1049.751309633255	1.8051319599151612	1.0	0
806	1050.8798823356628	1.9780946572621663	1.0	0
807	1052.0321509838104	2.0435150146484378	1.0	0
808	1053.222939491272	1.8634124517440798	1.0	0
809	1054.466391324997	1.8706592957178754	1.0	0
810	1055.6952419281006	2.0099507411321005	1.0	0
811	1056.8935930728912	1.9739694277445476	1.0	0
812	1058.1478464603424	1.8662645260492958	1.0	0
813	1059.3688838481903	1.8747041781743365	1.0	0
814	1060.6892066001892	1.8505837758382164	1.0	0
815	1061.907877445221	1.8730963945388792	1.0	0
816	1063.115045785904	1.945564572016398	1.0	0
817	1064.2737307548523	1.904352291425069	1.0	0
818	1065.4288482666016	1.939065194129944	1.0	0
819	1066.5707342624664	1.9555067380269369	1.0	0
820	1067.7415709495544	1.8504220883051554	1.0	0
821	1068.8414330482483	2.0038539012273153	1.0	0
822	1070.022441625595	1.9240681409835816	1.0	0
823	1071.171249628067	2.1488614400227863	1.0	0
824	1072.3995351791382	2.0865373373031617	1.0	0
825	1073.5790469646454	1.9265032847722372	1.0	0
826	1074.6895186901093	1.8218782504399615	1.0	0
827	1075.812409877777	1.8292221625645957	1.0	0
828	1077.002825975418	1.7756067434946698	1.0	0
829	1078.1911778450012	1.9636933883031205	1.0	0
830	1079.4652996063232	1.8731542189915975	1.0	0
831	1080.6372287273407	1.9349537690480556	1.0	0
832	1081.8431282043457	1.9475986719131468	1.0	0
833	1083.0484800338745	1.8576258023579915	1.0	0
834	1084.204257965088	1.901568126678467	1.0	0
835	1085.4921424388885	1.9282417217890422	1.0	0
836	1086.6279819011688	1.9504798889160153	1.0	0
837	1087.8125360012054	1.7868104775746663	1.0	0
838	1088.9767754077911	1.9425001144409177	1.0	0
839	1090.1935439109802	1.8733159859975177	1.0	0
840	1091.3731639385223	1.9113650163014733	1.0	0
841	1092.5579414367676	1.8896162748336796	1.0	0
842	1093.6873598098755	1.773778295516968	1.0	0
843	1094.8185238838196	1.8470988591512043	1.0	0
844	1095.9921553134918	1.7656575838724773	1.0	0
845	1097.127329826355	1.8688015858332314	1.0	25.0400%
846	1101.0989196300507	1.795646818478902	1.0	27.0400%
847	1104.9894106388092	1.9567885160446168	1.0	25.3500%
848	1108.8426041603088	1.7173855463663739	1.0	24.7200%
849	1112.8673882484436	1.7856668949127195	1.0	28.8500%
850	1116.877857685089	1.8980082829793297	1.0	0
851	1118.0595180988312	1.8687662124633788	1.0	0
852	1119.2569527626038	1.8413015683492029	1.0	0
853	1120.43137216568	2.0080643653869625	1.0	0
854	1121.647668838501	1.753315615653992	1.0	0
855	1122.846074104309	1.843178868293762	1.0	0
856	1124.0219604969025	1.7729940176010128	1.0	0
857	1125.28657746315	1.8877436558405558	1.0	0
858	1126.4429185390472	1.875376558303833	1.0	0
859	1127.6755049228668	1.6649582465489707	1.0	0
860	1128.8843071460724	1.8360627730687455	1.0	0
861	1130.0921773910522	1.9078398704528807	1.0	0
862	1131.3403651714325	1.8515942414601645	1.0	0
863	1132.5705749988556	1.7566779613494874	1.0	0
864	1133.6861443519592	1.8422897418340047	1.0	0
865	1134.907171010971	1.8303676207860313	1.0	0
866	1136.1438477039337	1.8721584399541218	1.0	0
867	1137.3381657600403	1.864980943997701	1.0	0
868	1138.5259153842926	1.8109310229619346	1.0	0
869	1139.7141225337982	1.76396640141805	1.0	0
870	1140.9100534915924	1.9595760345458986	1.0	0
871	1142.0408871173859	2.0150739431381224	1.0	0
872	1143.255330324173	2.0726704041163124	1.0	0
873	1144.4029939174652	1.872349532445272	1.0	0
874	1145.5871403217316	1.772398455937703	1.0	0
875	1146.818130016327	1.8954532146453855	1.0	0
876	1148.0327651500702	1.8924099524815876	1.0	0
877	1149.1670112609863	1.9625041405359902	1.0	0
878	1150.3420903682709	1.8387738227844237	1.0	0
879	1151.5910601615906	1.7233796119689941	1.0	0
880	1152.802282333374	1.8396907011667891	1.0	0
881	1153.9934296607971	1.9578259706497194	1.0	0
882	1155.1716215610504	1.770999240875244	1.0	0
883	1156.304578781128	1.7692301670710247	1.0	0
884	1157.4625074863434	1.8596560160319013	1.0	0
885	1158.5887115001678	1.7940433343251547	1.0	0
886	1159.8203721046448	1.904112927118937	1.0	0
887	1160.9915888309479	1.848637580871582	1.0	0
888	1162.1543786525726	1.7952776034673055	1.0	0
889	1163.2894494533539	1.7160553455352785	1.0	0
890	1164.414870262146	1.9883040984471638	1.0	0
891	1165.5259292125702	1.8583607673645017	1.0	0
892	1166.724306344986	1.8841063737869261	1.0	0
893	1167.9360008239746	1.802189246813456	1.0	0
894	1169.1321828365326	1.92353839079539	1.0	0
895	1170.2932245731354	1.908332872390747	1.0	24.1600%
896	1174.256706237793	1.9761367082595827	1.0	26.1800%
897	1178.17161154747	1.7869968334833783	1.0	24.8800%
898	1182.1396050453186	1.9536415100097657	1.0	26.6300%
899	1186.1298542022705	2.0299784739812217	1.0	25.5500%
900	1190.1994321346283	1.763130267461141	1.0	0
901	1191.3929855823517	1.9320964654286703	1.0	0
902	1192.5320296287537	1.980687952041626	1.0	0
903	1193.746966123581	1.8659467856089273	1.0	0
904	1194.9544274806976	1.9206082582473754	1.0	0
905	1196.105302810669	1.9209395805994671	1.0	0
906	1197.268280506134	1.9260356982549027	1.0	0
907	1198.4584338665009	1.885088626543681	1.0	0
908	1199.6280529499054	1.8204533815383914	1.0	0
909	1200.8047745227814	1.9100616693496701	1.0	0
910	1201.9545624256134	1.8550021012624105	1.0	0
911	1203.0191118717194	1.946319603919983	1.0	0
912	1204.111118555069	2.0188716411590577	1.0	0
913	1205.2297015190125	1.9796188831329347	1.0	0
914	1206.4612863063812	2.0222470045089724	1.0	0
915	1207.606235742569	1.814702041943868	1.0	0
916	1208.7636172771454	1.9234576861063641	1.0	0
917	1209.9312710762024	1.7752781867980958	1.0	0
918	1211.0747020244598	1.7849311669667562	1.0	0
919	1212.255128145218	1.8188801050186156	1.0	0
920	1213.4053807258606	1.836764709154765	1.0	0
921	1214.716715335846	1.817537713050842	1.0	0
922	1215.8413796424866	1.866114187240601	1.0	0
923	1217.0963609218597	1.81894474029541	1.0	0
924	1218.3480763435364	1.78439519405365	1.0	0
925	1219.563555240631	1.8972052256266276	1.0	0
926	1220.719102859497	1.8821727832158408	1.0	0
927	1221.9129219055176	1.831726042429606	1.0	0
928	1223.1124246120453	1.7947476148605346	1.0	0
929	1224.2228093147278	1.7813753525416054	1.0	0
930	1225.3335015773773	1.7932580232620237	1.0	0
931	1226.4729173183441	1.879687730471293	1.0	0
932	1227.5942368507385	2.3395024379094442	1.0	0
933	1228.6919779777527	1.9516976833343507	1.0	0
934	1229.8667809963226	1.7844526052474974	1.0	0
935	1231.0366594791412	1.9420933961868285	1.0	0
936	1232.178582906723	1.7408995866775514	1.0	0
937	1233.3399770259857	1.9997291485468547	1.0	0
938	1234.4944932460785	1.746411975224813	1.0	0
939	1235.576358795166	1.7773972590764364	1.0	0
940	1236.780626296997	1.9958790699640911	1.0	0
941	1237.96985912323	1.933978255589803	1.0	0
942	1239.160888671875	1.71362411181132	1.0	0
943	1240.4335958957672	1.8497752348581953	1.0	0
944	1241.6091420650482	1.8748342990875244	1.0	0
945	1242.8110139369965	1.8203674713770546	1.0	22.4600%
946	1246.760544538498	1.964991521835327	1.0	23.6200%
947	1250.7912878990173	1.9560526688893634	1.0	25.8300%
948	1254.7590055465698	2.0036150058110556	1.0	28.8900%
949	1258.7490828037262	1.8514071941375732	1.0	29.6700%
950	1262.6681401729584	1.8091227928797402	1.0	0
951	1263.8639061450958	1.8054188887278237	1.0	0
952	1265.0417046546936	1.6764683961868287	1.0	0
953	1266.2654900550842	1.966190560658773	1.0	0
954	1267.4021725654602	1.9802074591318766	1.0	0
955	1268.574966430664	1.9644917885462445	1.0	0
956	1269.7564132213593	1.8425956487655641	1.0	0
957	1270.9465491771698	1.8873208522796632	1.0	0
958	1272.0235810279846	2.005521281560262	1.0	0
959	1273.2102327346802	2.091894706090291	1.0	0
960	1274.36568069458	1.9574073870976763	1.0	0
961	1275.5428683757782	1.7669196208318072	1.0	0
962	1276.6595630645752	1.8568546692530314	1.0	0
963	1277.855281829834	1.7346007267634074	1.0	0
964	1279.0025329589844	1.7955355167388916	1.0	0
965	1280.160915851593	1.9422641038894657	1.0	0
966	1281.3344776630402	1.7784231503804526	1.0	0
967	1282.5291163921356	1.8443110227584838	1.0	0
968	1283.7377471923828	1.8988209883371991	1.0	0
969	1284.949987411499	1.9722199916839602	1.0	0
970	1286.1421880722046	1.8585508426030477	1.0	0
971	1287.3526644706726	1.8906398455301918	1.0	0
972	1288.5179996490479	1.8094680627187096	1.0	0
973	1289.6516840457916	1.8499459346135458	1.0	0
974	1290.8660826683044	1.77511944770813	1.0	0
975	1292.0511591434479	1.8692824840545652	1.0	0
976	1293.1861650943756	1.753269879023234	1.0	0
977	1294.3913197517395	1.7964398304621378	1.0	0
978	1295.5452237129211	1.9241943836212159	1.0	0
979	1296.6810402870178	1.8126439889272052	1.0	0
980	1297.7577738761902	1.8134409983952842	1.0	0
981	1298.9074068069458	1.9300018151601157	1.0	0
982	1300.0315103530884	1.7213478247324627	1.0	0
983	1301.1528315544128	1.8672574917475384	1.0	0
984	1302.300875902176	1.9009453614552814	1.0	0
985	1303.4889192581177	1.9854533433914185	1.0	0
986	1304.7259566783905	1.782613404591878	1.0	0
987	1305.9410228729248	1.8002943595250447	1.0	0
988	1307.1140868663788	1.837621625264486	1.0	0
989	1308.283268213272	1.9388863404591876	1.0	0
990	1309.4415912628174	1.8250242312749227	1.0	0
991	1310.6846988201141	1.7475498596827188	1.0	0
992	1311.8937063217163	1.832435901959737	1.0	0
993	1313.0792407989502	1.9345813592274983	1.0	0
994	1314.3240411281586	1.7810252745946247	1.0	0
995	1315.5191566944122	1.900191124280294	1.0	31.6700%
996	1319.575716495514	1.6987590154012044	1.0	26.0500%
997	1323.5693800449371	2.0003581206003824	1.0	21.4900%
998	1327.5507814884186	2.106862139701843	1.0	22.5900%
999	1331.5871090888977	1.9198506275812786	1.0	28.5100%
1000	1335.5030839443207	1.9049064874649047	1.0	0
1001	1336.6664898395538	1.8018839836120606	1.0	0
1002	1337.934817314148	1.7699217796325684	1.0	0
1003	1339.1222507953644	1.9946166197458903	1.0	0
1004	1340.3284664154053	1.863150405883789	1.0	0
1005	1341.4493658542633	1.9314904769261678	1.0	0
1006	1342.612161397934	1.7510422786076862	1.0	0
1007	1343.8234493732452	1.9288377761840823	1.0	0
1008	1344.9437005519867	1.873850107192993	1.0	0
1009	1346.1341094970703	1.8328444719314574	1.0	0
1010	1347.279147863388	1.6948401212692261	1.0	0
1011	1348.424301624298	1.791934410730998	1.0	0
1012	1349.5142962932587	1.8396816492080692	1.0	0
1013	1350.6614685058594	2.005291597048441	1.0	0
1014	1351.8581836223602	1.9765675067901611	1.0	0
1015	1353.0210371017456	1.8132576306660968	1.0	0
1016	1354.1897430419922	1.8632961591084798	1.0	0
1017	1355.4181170463562	1.8774098873138425	1.0	0
1018	1356.618183851242	1.9022271076838175	1.0	0
1019	1357.8361921310425	1.7605565945307413	1.0	0
1020	1359.0386395454407	1.7615016619364416	1.0	0
1021	1360.1889908313751	1.7378346840540568	1.0	0
1022	1361.393798828125	1.7105868180592856	1.0	0
1023	1362.590084552765	1.7537543535232543	1.0	0
1024	1363.7563970088959	1.8616137504577641	1.0	0
1025	1364.863267660141	1.929090976715088	1.0	0
1026	1366.0685441493988	1.7074838638305665	1.0	0
1027	1367.1839962005615	1.805214055379232	1.0	0
1028	1368.3246870040894	1.9179404894510907	1.0	0
1029	1369.466480255127	1.7694615920384724	1.0	0
1030	1370.6191980838776	1.7432048400243123	1.0	0
1031	1371.7724430561066	1.791685398419698	1.0	0
1032	1372.9314687252045	1.8152251561482746	1.0	0
1033	1374.123997926712	1.8481746435165407	1.0	0
1034	1375.255738735199	1.8435882806777952	1.0	0
1035	1376.3583002090454	1.7223963260650634	1.0	0
1036	1377.490119934082	1.8100389997164408	1.0	0
1037	1378.6472539901733	1.8277477105458577	1.0	0
1038	1379.8288848400116	1.8581501245498657	1.0	0
1039	1381.005075454712	1.6585197925567627	1.0	0
1040	1382.2035410404205	1.6325050512949626	1.0	0
1041	1383.3783445358276	1.7574294328689575	1.0	0
1042	1384.5555438995361	1.775542950630188	1.0	0
1043	1385.835699558258	1.8183358351389567	1.0	0
1044	1386.9536728858948	1.8152082363764446	1.0	0
1045	1388.1473701000214	1.9088895479838055	1.0	21.5800%
1046	1392.1954281330109	1.896252965927124	1.0	29.8300%
1047	1396.1657419204712	1.899912707010905	1.0	28.4100%
1048	1400.182701587677	1.7652971069018044	1.0	27.8800%
1049	1404.1273956298828	1.964871668815613	1.0	29.4100%
1050	1408.1299307346344	1.9218338330586753	1.0	0
1051	1409.2909679412842	1.946578041712443	1.0	0
1052	1410.464735507965	1.789176281293233	1.0	0
1053	1411.6311132907867	1.5846872886021932	1.0	0
1054	1412.7940652370453	1.7763875087102254	1.0	0
1055	1413.930824995041	1.7078456163406373	1.0	0
1056	1415.0724005699158	1.8146911541620891	1.0	0
1057	1416.1959292888641	1.7850571870803833	1.0	0
1058	1417.3698103427887	1.7327354431152342	1.0	0
1059	1418.5337889194489	1.7558715184529623	1.0	0
1060	1419.6614894866943	1.673196029663086	1.0	0
1061	1420.7936687469482	1.7528013229370119	1.0	0
1062	1422.0074598789215	1.7789186239242554	1.0	0
1063	1423.1644258499146	1.7291401545206704	1.0	0
1064	1424.3419024944305	1.8365798791249592	1.0	0
1065	1425.5258164405823	1.7323989550272627	1.0	0
1066	1426.754052400589	1.7283080975214642	1.0	0
1067	1428.0243210792542	1.6261765718460082	1.0	0
1068	1429.219963312149	1.862503798802694	1.0	0
1069	1430.3858749866486	2.11724845568339	1.0	0
1070	1431.5843632221222	1.9469059228897099	1.0	0
1071	1432.7273845672607	1.9552534898122151	1.0	0
1072	1433.8710446357727	1.9515510320663454	1.0	0
1073	1435.0466883182526	1.7589762926101684	1.0	0
1074	1436.2262744903564	1.7561976989110308	1.0	0
1075	1437.362991809845	1.7988217910130821	1.0	0
1076	1438.4907126426697	1.7934963305791218	1.0	0
1077	1439.6491701602936	1.7427498658498128	1.0	0
1078	1440.8390445709229	1.8254664421081543	1.0	0
1079	1442.0031163692474	1.8241148392359419	1.0	0
1080	1443.1889290809631	1.871002729733785	1.0	0
1081	1444.396300792694	1.8377923647562664	1.0	0
1082	1445.5496168136597	1.735860848426819	1.0	0
1083	1446.7425961494446	1.806232277552287	1.0	0
1084	1447.940161705017	1.9668221791585285	1.0	0
1085	1449.0853400230408	2.0312714338302613	1.0	0
1086	1450.2842273712158	1.7728414932886758	1.0	0
1087	1451.4319972991943	1.915596334139506	1.0	0
1088	1452.6358201503754	1.9883580923080448	1.0	0
1089	1453.857904434204	2.0210848887761435	1.0	0
1090	1455.0604901313782	1.8433076381683349	1.0	0
1091	1456.2365894317627	1.706349770228068	1.0	0
1092	1457.3740818500519	1.6275597016016643	1.0	0
1093	1458.537380695343	1.7487239122390745	1.0	0
1094	1459.6783800125122	1.7340394655863445	1.0	0
1095	1460.7309346199036	1.8263421853383381	1.0	30.1300%
1096	1464.6925899982452	1.9654058615366619	1.0	22.4600%
1097	1468.7493600845337	2.06940016746521	1.0	23.1800%
1098	1472.6558010578156	2.140011771519979	1.0	25.2300%
1099	1476.5873413085938	2.142342066764831	1.0	21.6800%
1100	1480.5901718139648	2.0561267534891767	1.0	0
1101	1481.7666509151459	1.8933121601740521	1.0	0
1102	1482.987057209015	1.7323673645655313	1.0	0
1103	1484.0909943580627	1.7495720465977984	1.0	0
1104	1485.1654345989227	1.6606121619542442	1.0	0
1105	1486.2938585281372	1.669297401110331	1.0	0
1106	1487.4914209842682	1.6727495829264323	1.0	0
1107	1488.641061782837	1.7965026934941606	1.0	0
1108	1489.7614891529083	1.8751055002212527	1.0	0
1109	1490.8441393375397	1.7397910118103026	1.0	0
1110	1492.0394294261932	1.7192863941192629	1.0	0
1111	1493.2216856479645	1.8382232030232744	1.0	0
1112	1494.4337468147278	1.8906683683395382	1.0	0
1113	1495.5792427062988	1.7739069143931074	1.0	0
1114	1496.770239830017	1.7395993709564208	1.0	0
1115	1497.9527456760406	1.7609159787495932	1.0	0
1116	1499.1905725002289	1.9246244112650552	1.0	0
1117	1500.3426940441132	1.7427538156509401	1.0	0
1118	1501.5476212501526	1.6745020866394043	1.0	0
1119	1502.7145202159882	1.7217985033988952	1.0	0
1120	1503.8777594566345	1.9014511426289875	1.0	0
1121	1505.019897222519	1.9126463572184242	1.0	0
1122	1506.1895661354065	1.9036955912907918	1.0	0
1123	1507.357206583023	1.6503541866938272	1.0	0
1124	1508.5868635177612	1.8448473532994587	1.0	0
1125	1509.701330423355	1.5813976049423217	1.0	0
1126	1510.9528224468231	1.7665309508641562	1.0	0
1127	1512.1586928367615	1.6943268378575647	1.0	0
1128	1513.3793618679047	1.8433885494867956	1.0	0
1129	1514.551147222519	1.847960392634074	1.0	0
1130	1515.6950058937073	1.517173171043396	1.0	0
1131	1516.9061913490295	1.6980370124181112	1.0	0
1132	1518.1721832752228	1.7092514912287395	1.0	0
1133	1519.321536540985	1.8470733324686683	1.0	0
1134	1520.4950273036957	1.9390697399775183	1.0	0
1135	1521.7448785305023	1.6932964563369752	1.0	0
1136	1522.8811774253845	1.7503175576527918	1.0	0
1137	1524.0054287910461	1.8724685668945313	1.0	0
1138	1525.142781496048	1.8368438402811686	1.0	0
1139	1526.3586735725403	1.6901110172271727	1.0	0
1140	1527.5262100696564	1.6841783603032432	1.0	0
1141	1528.745451927185	1.651529089609782	1.0	0
1142	1529.8677089214325	1.7619904836018878	1.0	0
1143	1530.9786341190338	1.9366786797841389	1.0	0
1144	1532.1276457309723	1.9166172186533608	1.0	0
1145	1533.2730693817139	1.8040277481079103	1.0	33.9900%
1146	1537.2654547691345	1.548135272661845	1.0	31.6000%
1147	1541.1741976737976	1.7533084472020468	1.0	30.3700%
1148	1545.1169300079346	1.8192149003346758	1.0	18.5000%
1149	1549.0683903694153	2.4579676469167073	1.0	20.2200%
1150	1553.1243159770966	2.5230435689290367	1.0	0
1151	1554.2531352043152	2.197170917193095	1.0	0
1152	1555.471765756607	2.0991419871648156	1.0	0
1153	1556.6082074642181	1.9124824047088624	1.0	0
1154	1557.7593767642975	1.8915362119674681	1.0	0
1155	1558.8919353485107	1.7226445436477658	1.0	0
1156	1560.078975200653	1.674127809206645	1.0	0
1157	1561.2715001106262	1.8360225200653075	1.0	0
1158	1562.446655511856	1.701114336649577	1.0	0
1159	1563.593512058258	1.8736224015553793	1.0	0
1160	1564.7686364650726	1.835573442776998	1.0	0
1161	1565.982809305191	1.7813239256540936	1.0	0
1162	1567.1274361610413	1.8553129911422732	1.0	0
1163	1568.3678498268127	1.7677829742431643	1.0	0
1164	1569.5117921829224	1.7131519556045534	1.0	0
1165	1570.6487469673157	1.6367959578831988	1.0	0
1166	1571.772187948227	1.8957617759704588	1.0	0
1167	1573.0215046405792	2.0764399687449138	1.0	0
1168	1574.1792886257172	1.8303678274154662	1.0	0
1169	1575.3197798728943	1.830910245577494	1.0	0
1170	1576.500503063202	1.679041043917338	1.0	0
1171	1577.6412765979767	1.8967520952224732	1.0	0
1172	1578.8291409015656	1.849721399943034	1.0	0
1173	1580.001175403595	1.7212819735209148	1.0	0
1174	1581.1672644615173	1.6666074832280475	1.0	0
1175	1582.3379833698273	1.697728419303894	1.0	0
1176	1583.4963238239288	1.9446955601374312	1.0	0
1177	1584.659075498581	1.6878947337468466	1.0	0
1178	1585.8720970153809	1.6632654269536338	1.0	0
1179	1587.040453672409	1.8217302401860556	1.0	0
1180	1588.1917378902435	1.8900008122126262	1.0	0
1181	1589.350980758667	1.6018038034439088	1.0	0
1182	1590.5656578540802	1.6811581770579023	1.0	0
1183	1591.7328209877014	1.950627072652181	1.0	0
1184	1592.8285837173462	1.6884568055470786	1.0	0
1185	1593.9604578018188	1.8532944122950237	1.0	0
1186	1595.1253492832184	1.823803583780924	1.0	0
1187	1596.289455652237	1.5864855408668517	1.0	0
1188	1597.4230561256409	1.8061127026875816	1.0	0
1189	1598.632348060608	1.7671697775522868	1.0	0
1190	1599.8208153247833	1.5897185881932578	1.0	0
1191	1601.0351204872131	1.8759933392206827	1.0	0
1192	1602.1513397693634	1.862217156092326	1.0	0
1193	1603.2752101421356	1.8760236263275145	1.0	0
1194	1604.4403116703033	1.8751454671223957	1.0	0
1195	1605.6527667045593	1.8574127435684202	1.0	31.4900%
1196	1609.5820410251617	1.6432539145151774	1.0	31.2700%
1197	1613.5559301376343	1.819903834660848	1.0	30.2700%
1198	1617.5746881961823	1.6918157696723939	1.0	31.7200%
1199	1621.5734481811523	1.8388075590133668	1.0	30.4600%
1200	1625.5247356891632	1.7999141295750936	1.0	0
1201	1626.6561133861542	1.7101682742436726	1.0	0
1202	1627.8060693740845	1.5872999548912046	1.0	0
1203	1629.014609336853	1.9973820288976034	1.0	0
1204	1630.157485485077	1.7984729687372842	1.0	0
1205	1631.366627216339	1.816957517464956	1.0	0
1206	1632.5639503002167	1.8878732919692993	1.0	0
1207	1633.761935710907	1.7239410241444904	1.0	0
1208	1634.925009727478	1.743099586168925	1.0	0
1209	1636.0936272144318	1.8098780711491904	1.0	0
1210	1637.2129528522491	1.7481796979904176	1.0	0
1211	1638.4300220012665	1.7235626975695297	1.0	0
1212	1639.5920991897583	1.6546674410502116	1.0	0
1213	1640.783695936203	1.9048603137334188	1.0	0
1214	1641.9636681079865	1.765779773394267	1.0	0
1215	1643.173977136612	1.6493869225184128	1.0	0
1216	1644.3605725765228	1.7204416592915852	1.0	0
1217	1645.498393535614	1.9115585565567015	1.0	0
1218	1646.5925660133362	1.932385389010111	1.0	0
1219	1647.7606434822083	1.8050924142201743	1.0	0
1220	1648.9088969230652	1.6843734900156657	1.0	0
1221	1650.1304137706757	1.6636810541152953	1.0	0
1222	1651.3436825275421	1.7066942652066546	1.0	0
1223	1652.506056547165	1.7718001286188763	1.0	0
1224	1653.639931678772	1.7464274724324547	1.0	0
1225	1654.8488903045654	1.6805457830429076	1.0	0
1226	1656.0714707374573	1.7778827905654906	1.0	0
1227	1657.2239799499512	1.478555750846863	1.0	0
1228	1658.4688110351562	1.591177797317505	1.0	0
1229	1659.5939853191376	1.6842417478561398	1.0	0
1230	1660.751590013504	1.9537148237228394	1.0	0
1231	1661.8910193443298	1.9623939752578736	1.0	0
1232	1663.0480580329895	1.7173494021097817	1.0	0
1233	1664.1793851852417	1.7956106026967362	1.0	0
1234	1665.3186745643616	1.7913304011027018	1.0	0
1235	1666.4543533325195	1.6666571855545045	1.0	0
1236	1667.6087441444397	1.6094417333602906	1.0	0
1237	1668.73899102211	1.9165028731028233	1.0	0
1238	1669.9022588729858	1.977924068768819	1.0	0
1239	1671.0529370307922	1.8269847075144452	1.0	0
1240	1672.1709234714508	1.7799838542938233	1.0	0
1241	1673.3428993225098	1.8253282070159913	1.0	0
1242	1674.4980473518372	1.643856128056844	1.0	0
1243	1675.67821931839	1.7075407465298973	1.0	0
1244	1676.8273532390594	1.7388707637786867	1.0	0
1245	1678.0372850894928	1.7473269462585448	1.0	32.6100%
1246	1681.9827935695648	1.711358865102132	1.0	31.4700%
1247	1685.9596400260925	1.8374408404032387	1.0	30.0300%
1248	1689.8906407356262	1.9678274234135946	1.0	30.9900%
1249	1693.8029744625092	1.6568222999572755	1.0	32.7700%
1250	1697.7465815544128	1.7312401851018269	1.0	0
1251	1698.8511068820953	1.7520057678222654	1.0	0
1252	1699.9637594223022	1.7108501434326173	1.0	0
1253	1701.1348941326141	1.6779421091079711	1.0	0
1254	1702.3143057823181	1.7888285954793295	1.0	0
1255	1703.4994821548462	1.6625471433003742	1.0	0
1256	1704.6961843967438	1.736073748270671	1.0	0
1257	1705.8301424980164	1.719012467066447	1.0	0
1258	1706.9541640281677	1.8174460967381798	1.0	0
1259	1708.1183760166168	2.026975099245707	1.0	0
1260	1709.3061928749084	1.7845350901285804	1.0	0
1261	1710.427994966507	1.7613187630971272	1.0	0
1262	1711.5935745239258	1.7747474590937296	1.0	0
1263	1712.760978937149	1.6379450877507529	1.0	0
1264	1713.9920587539673	1.7525844653447469	1.0	0
1265	1715.1333541870117	1.7122698148091633	1.0	0
1266	1716.2997467517853	1.6851250807444251	1.0	0
1267	1717.398181438446	1.6765979250272114	1.0	0
1268	1718.6219599246979	1.8308652559916174	1.0	0
1269	1719.7791526317596	1.6292996684710188	1.0	0
1270	1720.9417221546173	1.7291200637817385	1.0	0
1271	1722.0979619026184	1.5873191316922506	1.0	0
1272	1723.313702583313	1.8404714186986288	1.0	0
1273	1724.547200679779	1.5167120377222698	1.0	0
1274	1725.6660990715027	1.8049539327621458	1.0	0
1275	1726.8332142829895	1.6474744399388632	1.0	0
1276	1727.891906261444	1.7467156092325848	1.0	0
1277	1729.0613346099854	1.9423860470453898	1.0	0
1278	1730.2223320007324	1.6075655976931253	1.0	0
1279	1731.3828294277191	1.7166866660118103	1.0	0
1280	1732.5217235088348	1.7486119190851848	1.0	0
1281	1733.6236460208893	1.830166180928548	1.0	0
1282	1734.7423076629639	1.6826031764348346	1.0	0
1283	1735.9297578334808	1.6725101550420125	1.0	0
1284	1737.077516078949	1.8727847417195638	1.0	0
1285	1738.2532396316528	1.7142597993214925	1.0	0
1286	1739.4334256649017	1.9189493894577028	1.0	0
1287	1740.6067419052124	1.96616956392924	1.0	0
1288	1741.7231752872467	1.6671580553054812	1.0	0
1289	1742.973887681961	1.6887408494949343	1.0	0
1290	1744.189772605896	1.6831031401952108	1.0	0
1291	1745.352492570877	1.7815714438756305	1.0	0
1292	1746.5029201507568	1.9529711167017618	1.0	0
1293	1747.6248180866241	1.6917169014612834	1.0	0
1294	1748.8404397964478	1.7905518849690756	1.0	0
1295	1750.0122454166412	1.6190658569335938	1.0	35.8200%
1296	1753.9866683483124	1.7056432882944743	1.0	31.2000%
1297	1757.9464836120605	1.8434539318084717	1.0	29.1400%
1298	1761.9864246845245	1.9180824478467307	1.0	29.1400%
1299	1765.9503092765808	1.8631365617116296	1.0	30.9800%
1300	1769.8155224323273	1.7832932869593305	1.0	0
1301	1771.0250236988068	1.7570982933044432	1.0	0
1302	1772.1515641212463	1.9263946851094564	1.0	0
1303	1773.3352670669556	1.9626184940338134	1.0	0
1304	1774.4586758613586	1.9454404195149737	1.0	0
1305	1775.568840265274	1.9245482047398885	1.0	0
1306	1776.7177565097809	1.7664782126744585	1.0	0
1307	1777.88378572464	1.6691584308942158	1.0	0
1308	1779.0264766216278	1.6967612584431966	1.0	0
1309	1780.1651968955994	1.7974262396494547	1.0	0
1310	1781.2817239761353	1.5846761186917626	1.0	0
1311	1782.3702087402344	1.8890638748804731	1.0	0
1312	1783.5429167747498	1.5969645579655967	1.0	0
1313	1784.676619052887	1.6370105346043904	1.0	0
1314	1785.8075857162476	1.840595332781474	1.0	0
1315	1786.9650979042053	1.6663573026657106	1.0	0
1316	1788.1574130058289	1.9582902669906617	1.0	0
1317	1789.3409388065338	1.6605509201685584	1.0	0
1318	1790.5689463615417	1.8365488926569622	1.0	0
1319	1791.7680089473724	2.0010262648264567	1.0	0
1320	1792.921050786972	1.9107478300730387	1.0	0
1321	1794.097868680954	1.8028106053670245	1.0	0
1322	1795.219401359558	1.750900113582611	1.0	0
1323	1796.3625793457031	1.731209715207418	1.0	0
1324	1797.5314841270447	1.7989026943842572	1.0	0
1325	1798.6629991531372	1.6688365300496417	1.0	0
1326	1799.8056454658508	1.7605704625447587	1.0	0
1327	1801.0453932285309	1.921655289332072	1.0	0
1328	1802.1854255199432	1.835491426785787	1.0	0
1329	1803.3094727993011	1.8172168811162313	1.0	0
1330	1804.5041332244873	1.8330497582753498	1.0	0
1331	1805.6314098834991	1.8016187191009523	1.0	0
1332	1806.7793426513672	1.7815150260925294	1.0	0
1333	1807.9742753505707	1.6800822893778484	1.0	0
1334	1809.138147354126	1.6307065327962242	1.0	0
1335	1810.3336117267609	1.750415786107381	1.0	0
1336	1811.4774196147919	1.6454161008199053	1.0	0
1337	1812.6498863697052	2.3236446062723792	1.0	0
1338	1813.8256940841675	1.9074888467788695	1.0	0
1339	1815.0159583091736	1.784665894508362	1.0	0
1340	1816.2155599594116	1.9369327624638877	1.0	0
1341	1817.349922657013	1.671002682050069	1.0	0
1342	1818.4576506614685	1.678101444244385	1.0	0
1343	1819.6497464179993	1.6432500998179116	1.0	0
1344	1820.8072872161865	1.718943214416504	1.0	0
1345	1821.931220293045	1.6582558870315554	1.0	34.2300%
1346	1825.8615956306458	1.886541477839152	1.0	34.4000%
1347	1829.7691683769226	1.76255304813385	1.0	33.0700%
1348	1833.6746904850006	1.7234050194422406	1.0	37.3900%
1349	1837.559498310089	1.6791165192921955	1.0	38.3100%
1350	1841.4793722629547	1.6921126524607337	1.0	0
1351	1842.6200313568115	1.651175832748413	1.0	0
1352	1843.7184839248657	1.8274018446604412	1.0	0
1353	1844.9173350334167	1.7644340276718138	1.0	0
1354	1846.02108335495	1.6178592205047608	1.0	0
1355	1847.1646053791046	1.6484281063079833	1.0	0
1356	1848.311648607254	1.8461982568105062	1.0	0
1357	1849.5095734596252	1.7697682062784832	1.0	0
1358	1850.6645421981812	1.7170831441879273	1.0	0
1359	1851.8045101165771	1.7971002419789632	1.0	0
1360	1852.9479732513428	1.741868050893148	1.0	0
1361	1854.1231138706207	1.6169819275538124	1.0	0
1362	1855.3360817432404	1.6396488666534426	1.0	0
1363	1856.5163326263428	1.663567284742991	1.0	0
1364	1857.7078993320465	1.6180508534113567	1.0	0
1365	1858.8886783123016	1.8601176341374712	1.0	0
1366	1860.0739285945892	1.7032761732737223	1.0	0
1367	1861.2811303138733	1.8598658323287962	1.0	0
1368	1862.4767861366272	1.5728857278823853	1.0	0
1369	1863.6112704277039	1.8293104012807209	1.0	0
1370	1864.7616317272186	1.8546584725379944	1.0	0
1371	1865.9381132125854	1.6241642395655314	1.0	0
1372	1867.068984746933	1.7816760540008547	1.0	0
1373	1868.1837933063507	1.6477265437444053	1.0	0
1374	1869.317301273346	1.6953704357147217	1.0	0
1375	1870.4629502296448	1.6673296213150022	1.0	0
1376	1871.5860109329224	1.942206048965454	1.0	0
1377	1872.761667728424	1.7685492595036827	1.0	0
1378	1873.9156413078308	1.7741264581680296	1.0	0
1379	1875.0518102645874	1.7541390975316364	1.0	0
1380	1876.193801164627	1.5645620346069338	1.0	0
1381	1877.3648610115051	1.7443529129028321	1.0	0
1382	1878.5354070663452	1.7598996758460999	1.0	0
1383	1879.7195026874542	1.524463919798533	1.0	0
1384	1880.8578524589539	1.8636805534362793	1.0	0
1385	1881.9927380084991	1.6329407930374147	1.0	0
1386	1883.1327538490295	1.7539888898531593	1.0	0
1387	1884.2957019805908	1.854965345064799	1.0	0
1388	1885.426216840744	1.7376567045847577	1.0	0
1389	1886.5600612163544	1.8301195542017619	1.0	0
1390	1887.6862151622772	1.7283081531524658	1.0	0
1391	1888.7881219387054	1.4135934670766193	1.0	0
1392	1889.9780173301697	1.664579463005066	1.0	0
1393	1891.1408717632294	1.6083792646725972	1.0	0
1394	1892.2728905677795	1.6330209811528524	1.0	0
1395	1893.3853783607483	1.7178956508636474	1.0	36.0000%
1396	1897.40012550354	1.6074605941772457	1.0	35.7500%
1397	1901.327100276947	1.5287857135136922	1.0	34.5000%
1398	1905.255146741867	1.5261430899302166	1.0	32.6200%
1399	1909.1829171180725	1.7658351898193358	1.0	35.9300%
1400	1913.1416184902191	1.8587974230448407	1.0	0
1401	1914.2491564750671	1.9349538087844844	1.0	0
1402	1915.4045403003693	1.8439989010492963	1.0	0
1403	1916.5534102916718	1.8827008644739784	1.0	0
1404	1917.6747677326202	1.753647526105245	1.0	0
1405	1918.8071196079254	1.6660473346710205	1.0	0
1406	1919.911868572235	1.7331804831822715	1.0	0
1407	1921.0822949409485	1.555764389038086	1.0	0
1408	1922.2526743412018	2.1055847326914474	1.0	0
1409	1923.445651769638	2.1567126433054606	1.0	0
1410	1924.6470103263855	1.9279182275136308	1.0	0
1411	1925.8040556907654	1.8302905480066938	1.0	0
1412	1926.9999299049377	1.9430975914001465	1.0	0
1413	1928.162013053894	1.7289278745651244	1.0	0
1414	1929.3705086708069	1.653622563680013	1.0	0
1415	1930.5279364585876	1.8158406813939414	1.0	0
1416	1931.632473707199	1.6853200912475588	1.0	0
1417	1932.8161342144012	1.5952815850575766	1.0	0
1418	1933.9649550914764	1.6359200716018678	1.0	0
1419	1935.1346127986908	1.9953906138737993	1.0	0
1420	1936.2859363555908	1.7846983114878339	1.0	0
1421	1937.4125220775604	1.715716608365377	1.0	0
1422	1938.6517941951752	1.6062201023101808	1.0	0
1423	1939.803475856781	1.7890943686167398	1.0	0
1424	1940.9795458316803	2.0479167143503827	1.0	0
1425	1942.0972390174866	1.9649134000142414	1.0	0
1426	1943.2750580310822	1.7181289275487266	1.0	0
1427	1944.4459686279297	1.8090533892313638	1.0	0
1428	1945.6241998672485	1.6380457957585655	1.0	0
1429	1946.8544011116028	1.859513449668884	1.0	0
1430	1948.019894361496	1.799286802609762	1.0	0
1431	1949.2198839187622	1.6196238994598389	1.0	0
1432	1950.3969457149506	1.6281478881835936	1.0	0
1433	1951.5742390155792	1.8121147950490317	1.0	0
1434	1952.750862121582	1.7244559208552042	1.0	0
1435	1953.9456963539124	1.6332267165184018	1.0	0
1436	1955.1047112941742	1.8713936169942218	1.0	0
1437	1956.1994166374207	1.7910411596298221	1.0	0
1438	1957.3510048389435	1.7877747217814128	1.0	0
1439	1958.505444765091	1.629523452123006	1.0	0
1440	1959.6640045642853	1.8189407984415686	1.0	0
1441	1960.7490429878235	1.787970272699992	1.0	0
1442	1961.9251368045807	1.5602219820022583	1.0	0
1443	1963.0617101192474	1.6403379480044045	1.0	0
1444	1964.2322916984558	1.7001538356145225	1.0	0
1445	1965.3635857105255	1.5313786983489988	1.0	38.8600%
1446	1969.2577419281006	1.5618058760960896	1.0	32.6400%
1447	1973.149159669876	1.9268652836481728	1.0	28.5900%
1448	1976.9965980052948	2.1056974093119303	1.0	31.8100%
1449	1981.045727968216	1.9084882338841755	1.0	32.3700%
1450	1984.9932045936584	1.6923200607299804	1.0	0
1451	1986.1393690109253	1.5105834801991782	1.0	0
1452	1987.3314266204834	1.5093038519223532	1.0	0
1453	1988.4839251041412	1.7741375525792438	1.0	0
1454	1989.6587600708008	1.7708772579828898	1.0	0
1455	1990.8716669082642	1.6451786120732625	1.0	0
1456	1992.064020395279	1.5446961442629494	1.0	0
1457	1993.186912059784	1.762319727738698	1.0	0
1458	1994.3883574008942	1.8969173351923625	1.0	0
1459	1995.5373804569244	1.6331768353780112	1.0	0
1460	1996.7289052009583	1.5317779620488488	1.0	0
1461	1997.9115908145905	1.8189260959625249	1.0	0
1462	1999.0738599300385	1.540317527453105	1.0	0
1463	2000.2601306438446	1.755689227581024	1.0	0
1464	2001.386311531067	1.8423100392023726	1.0	0
1465	2002.592856645584	1.5862842003504436	1.0	0
1466	2003.7851696014404	1.811433219909668	1.0	0
1467	2004.9585428237915	1.6527354439099629	1.0	0
1468	2006.1896965503693	1.6586972475051878	1.0	0
1469	2007.3219254016876	1.7201750516891479	1.0	0
1470	2008.512442111969	1.6621103247006734	1.0	0
1471	2009.6302094459534	1.799756145477295	1.0	0
1472	2010.7915642261505	1.7056292454401651	1.0	0
1473	2011.9947485923767	1.6192989269892375	1.0	0
1474	2013.1858880519867	1.4847654263178507	1.0	0
1475	2014.3779127597809	1.7175517956415811	1.0	0
1476	2015.5128269195557	1.759001811345418	1.0	0
1477	2016.7262089252472	1.8333307743072516	1.0	0
1478	2017.9000232219696	1.6532625436782837	1.0	0
1479	2019.0679950714111	1.5494823217391969	1.0	0
1480	2020.2684478759766	1.758960449695587	1.0	0
1481	2021.4572851657867	1.6380359848340351	1.0	0
1482	2022.6426544189453	1.605785353978475	1.0	0
1483	2023.7963871955872	1.5762843132019042	1.0	0
1484	2024.9148118495941	1.731140128771464	1.0	0
1485	2026.1217823028564	1.5681297024091088	1.0	0
1486	2027.2525668144226	1.6104736407597857	1.0	0
1487	2028.45583152771	1.6783427635828656	1.0	0
1488	2029.6533522605896	1.6817542076110843	1.0	0
1489	2030.8488664627075	2.2814777771631873	1.0	0
1490	2032.013605594635	2.0517607212066653	1.0	0
1491	2033.1324398517609	1.6567898988723755	1.0	0
1492	2034.2864525318146	1.7460088491439822	1.0	0
1493	2035.4097385406494	1.7486285686492917	1.0	0
1494	2036.6128795146942	1.8363384485244751	1.0	0
1495	2037.8922472000122	1.6636465628941854	1.0	37.4100%
1496	2041.7927260398865	1.6452981154123945	1.0	34.2600%
1497	2045.7396092414856	1.498464020093282	1.0	37.1400%
1498	2049.6836602687836	1.7909718036651607	1.0	37.7900%
1499	2053.6809718608856	1.6095960934956868	1.0	39.1800%
1500	2057.654067516327	1.6496728817621868	1.0	0
1501	2058.827673435211	1.651602824529012	1.0	0
1502	2059.9485890865326	1.7932265837987262	1.0	0
1503	2061.14430809021	1.6849338054656982	1.0	0
1504	2062.362108230591	1.8772987604141234	1.0	0
1505	2063.5519483089447	1.657432866096497	1.0	0
1506	2064.815503835678	1.7109747489293416	1.0	0
1507	2065.934067249298	1.48398798306783	1.0	0
1508	2067.139933347702	1.7015544652938843	1.0	0
1509	2068.2900421619415	1.8104097525278726	1.0	0
1510	2069.41202712059	1.9593747377395627	1.0	0
1511	2070.5667259693146	1.7689072450002037	1.0	0
1512	2071.796714067459	1.7981419801712035	1.0	0
1513	2072.9913427829742	2.180586846669515	1.0	0
1514	2074.199718475342	2.130319714546204	1.0	0
1515	2075.3308188915253	1.6930044412612917	1.0	0
1516	2076.5018174648285	1.9194531440734866	1.0	0
1517	2077.657637357712	1.8424775520960488	1.0	0
1518	2078.740560531616	1.8019207159678141	1.0	0
1519	2079.893251180649	1.8680630842844645	1.0	0
1520	2081.1050090789795	1.6697433948516847	1.0	0
1521	2082.270701646805	1.7880089044570924	1.0	0
1522	2083.339183330536	1.7336813767751058	1.0	0
1523	2084.488961458206	1.9956050952275592	1.0	0
1524	2085.627391576767	1.81935772895813	1.0	0
1525	2086.8083081245422	1.4902687152226763	1.0	0
1526	2088.003965139389	1.5827963034311927	1.0	0
1527	2089.2048783302307	1.7320958256721495	1.0	0
1528	2090.378192424774	1.5973945299784342	1.0	0
1529	2091.5809392929077	1.606209143002828	1.0	0
1530	2092.7156286239624	1.7369198878606162	1.0	0
1531	2093.870596408844	1.8078052123387653	1.0	0
1532	2094.9718742370605	1.726870894432068	1.0	0
1533	2096.1616399288177	1.868860658009847	1.0	0
1534	2097.381372451782	1.5626272360483806	1.0	0
1535	2098.549257516861	1.6760871013005574	1.0	0
1536	2099.732318162918	1.6898769617080691	1.0	0
1537	2100.921295642853	1.6828109184900921	1.0	0
1538	2102.1088593006134	1.6266280968983966	1.0	0
1539	2103.327288389206	1.813521440823873	1.0	0
1540	2104.4443728923798	1.750378894805908	1.0	0
1541	2105.6206243038177	1.7037039756774903	1.0	0
1542	2106.8286101818085	1.6404583374659223	1.0	0
1543	2108.0469105243683	1.6892784674962364	1.0	0
1544	2109.2238795757294	1.6097891966501872	1.0	0
1545	2110.4271795749664	1.6570967435836794	1.0	37.5200%
1546	2114.3663108348846	1.6925126870473224	1.0	35.5600%
1547	2118.333736181259	1.903897611300151	1.0	32.6200%
1548	2122.2862255573273	1.6495534499486286	1.0	34.4900%
1549	2126.30548787117	1.6165570020675661	1.0	34.6800%
1550	2130.2152881622314	1.81011217435201	1.0	0
1551	2131.397094964981	1.8500811894734701	1.0	0
1552	2132.5692944526672	1.8041441361109414	1.0	0
1553	2133.7476890087128	1.9781895319620766	1.0	0
1554	2134.847927093506	1.8382132411003111	1.0	0
1555	2135.9993987083435	1.7368256171544392	1.0	0
1556	2137.159972190857	1.5613283554712931	1.0	0
1557	2138.346572637558	1.7739465832710266	1.0	0
1558	2139.5338644981384	1.633469569683075	1.0	0
1559	2140.701322555542	1.5802746693293255	1.0	0
1560	2141.8681750297546	1.8982316573460893	1.0	0
1561	2143.1282868385315	1.7112651904424034	1.0	0
1562	2144.280599832535	1.5597206195195514	1.0	0
1563	2145.4878964424133	1.6194882154464723	1.0	0
1564	2146.6538875102997	1.586792985598246	1.0	0
1565	2147.7726702690125	1.5453404506047566	1.0	0
1566	2148.9256675243378	1.6539877096811928	1.0	0
1567	2150.0480692386627	1.6621492703755698	1.0	0
1568	2151.1892671585083	1.65932670434316	1.0	0
1569	2152.317785024643	1.837516689300537	1.0	0
1570	2153.4764664173126	1.4897293051083882	1.0	0
1571	2154.681251525879	1.680038555463155	1.0	0
1572	2155.783390045166	1.9045412739117942	1.0	0
1573	2156.9060757160187	1.6171136339505514	1.0	0
1574	2158.0424466133118	1.575561273097992	1.0	0
1575	2159.1614093780518	1.5903246720631914	1.0	0
1576	2160.3502445220947	1.5595386584599815	1.0	0
1577	2161.4939811229706	1.5084684411684672	1.0	0
1578	2162.7115576267242	1.52841211160024	1.0	0
1579	2163.8982632160187	1.7773135383923853	1.0	0
1580	2165.1241607666016	1.6766126076380412	1.0	0
1581	2166.3715920448303	1.7559148232142132	1.0	0
1582	2167.5840559005737	1.7076095024744669	1.0	0
1583	2168.7788412570953	1.5038001894950865	1.0	0
1584	2169.9377126693726	1.6457365989685058	1.0	0
1585	2171.1115646362305	1.7687405824661255	1.0	0
1586	2172.2827389240265	1.7243188301722208	1.0	0
1587	2173.4366216659546	1.668939435482025	1.0	0
1588	2174.59570479393	1.8751451651255289	1.0	0
1589	2175.740667104721	1.5943848371505742	1.0	0
1590	2176.940907716751	1.6460859696070351	1.0	0
1591	2178.0940980911255	1.6570751269658404	1.0	0
1592	2179.2379961013794	1.758051093419393	1.0	0
1593	2180.440388441086	1.64183851480484	1.0	0
1594	2181.612095594406	1.6036449193954465	1.0	0
1595	2182.766053676605	1.5299145619074508	1.0	39.4500%
1596	2186.714959383011	1.6424265503883364	1.0	36.6200%
1597	2190.6730983257294	2.0065131505330402	1.0	28.4100%
1598	2194.6473681926727	2.1207526127497354	1.0	30.6700%
1599	2198.5694115161896	1.9074600140253704	1.0	35.9100%
1600	2202.5214064121246	1.6227822303771968	1.0	0
1601	2203.690784215927	1.7984816789627076	1.0	0
1602	2204.92440700531	1.6956405003865558	1.0	0
1603	2206.1510021686554	1.655361493428548	1.0	0
1604	2207.3078870773315	1.603802740573883	1.0	0
1605	2208.53719830513	1.772117733955383	1.0	0
1606	2209.7221443653107	1.8840509017308553	1.0	0
1607	2210.92041349411	1.7999368985493978	1.0	0
1608	2212.020466566086	1.5858767112096148	1.0	0
1609	2213.2034990787506	1.7223449945449831	1.0	0
1610	2214.4061028957367	1.7276788949966433	1.0	0
1611	2215.588346004486	1.6687418142954509	1.0	0
1612	2216.821217775345	1.57504235903422	1.0	0
1613	2217.9699606895447	1.6171341578165692	1.0	0
1614	2219.158740758896	1.6490411996841434	1.0	0
1615	2220.2768363952637	1.5485260725021361	1.0	0
1616	2221.52312374115	1.610985565185547	1.0	0
1617	2222.6986923217773	1.8223904212315876	1.0	0
1618	2223.902398109436	1.8144291559855141	1.0	0
1619	2225.09277176857	2.090319816271464	1.0	0
1620	2226.211780309677	1.6622995853424072	1.0	0
1621	2227.43062543869	1.7834514379501343	1.0	0
1622	2228.6294887065887	1.7325467467308044	1.0	0
1623	2229.8620975017548	1.7241709868113198	1.0	0
1624	2231.0397901535034	1.4261907895406087	1.0	0
1625	2232.20178937912	2.3317944288253782	1.0	0
1626	2233.3544075489044	1.9646711587905885	1.0	0
1627	2234.523192882538	1.739811865488688	1.0	0
1628	2235.6720852851868	1.5779366334279377	1.0	0
1629	2236.8638820648193	1.7200963536898293	1.0	0
1630	2238.0189170837402	1.5223885774612425	1.0	0
1631	2239.1831228733063	1.8127079963684083	1.0	0
1632	2240.3273565769196	1.780912240346273	1.0	0
1633	2241.561415195465	1.9466861406962077	1.0	0
1634	2242.681780099869	1.8357009569803873	1.0	0
1635	2243.8254704475403	1.7039930502573648	1.0	0
1636	2245.014375925064	1.5493375619252525	1.0	0
1637	2246.162492752075	1.6837850332260131	1.0	0
1638	2247.365489721298	1.6781725724538166	1.0	0
1639	2248.605937242508	1.5814566055933637	1.0	0
1640	2249.768922328949	1.5903599500656125	1.0	0
1641	2250.9460113048553	1.737518489360809	1.0	0
1642	2252.1092364788055	1.6483031511306763	1.0	0
1643	2253.2787551879883	1.67357607682546	1.0	0
1644	2254.51273727417	1.7248197714487712	1.0	0
1645	2255.7220211029053	1.5461939414342245	1.0	38.8100%
1646	2259.627270936966	1.8016465822855632	1.0	35.9800%
1647	2263.603409051895	1.6831212798754374	1.0	35.8500%
1648	2267.5370326042175	1.7109514236450196	1.0	35.2200%
1649	2271.500759601593	1.546260956923167	1.0	39.6600%
1650	2275.5398213863373	1.7553638299306236	1.0	0
1651	2276.7364258766174	1.8911824226379397	1.0	0
1652	2277.896879673004	1.69851504166921	1.0	0
1653	2279.0693600177765	1.6979355335235597	1.0	0
1654	2280.295147895813	1.7332633654276528	1.0	0
1655	2281.4499526023865	1.6939737955729164	1.0	0
1656	2282.659075975418	1.497666573524475	1.0	0
1657	2283.806299686432	1.4231350620587666	1.0	0
1658	2284.988256931305	1.5757183432579038	1.0	0
1659	2286.167890548706	1.7338314334551495	1.0	0
1660	2287.360111474991	1.622328805923462	1.0	0
1661	2288.5570566654205	1.4972771167755126	1.0	0
1662	2289.7929303646088	1.7128872076670327	1.0	0
1663	2291.0034544467926	1.4320152044296264	1.0	0
1664	2292.183935880661	1.5140553434689836	1.0	0
1665	2293.33594250679	1.8791733900705971	1.0	0
1666	2294.535487651825	1.960210951169332	1.0	0
1667	2295.7045090198517	1.753430994351705	1.0	0
1668	2296.880851507187	1.6169276634852092	1.0	0
1669	2298.0798070430756	1.626955564816793	1.0	0
1670	2299.3016929626465	1.6076169331868488	1.0	0
1671	2300.435523033142	1.6999935706456504	1.0	0
1672	2301.63737821579	1.5815858761469523	1.0	0
1673	2302.795863389969	1.5311777909596762	1.0	0
1674	2304.01056098938	1.665120848019918	1.0	0
1675	2305.16330242157	1.6015748341878255	1.0	0
1676	2306.30686044693	1.691619404157003	1.0	0
1677	2307.45902633667	2.048344429334005	1.0	0
1678	2308.712163925171	1.7591439882914228	1.0	0
1679	2309.8613183498383	1.779936933517456	1.0	0
1680	2310.9979104995728	1.67584658463796	1.0	0
1681	2312.219581604004	1.5760500431060793	1.0	0
1682	2313.3761718273163	1.5400225718816118	1.0	0
1683	2314.5715596675873	1.5078309416770936	1.0	0
1684	2315.720142841339	1.596362602710724	1.0	0
1685	2316.878885746002	1.8518496274948122	1.0	0
1686	2317.934580564499	1.566618021329244	1.0	0
1687	2319.11283159256	1.5152032216389977	1.0	0
1688	2320.3209171295166	1.657904108365377	1.0	0
1689	2321.4967732429504	1.6773864428202312	1.0	0
1690	2322.684668779373	1.866670060157776	1.0	0
1691	2323.846544265747	1.7548083464304602	1.0	0
1692	2325.0194113254547	1.6826392014821372	1.0	0
1693	2326.1836280822754	1.848462176322937	1.0	0
1694	2327.3239567279816	1.5522941112518311	1.0	0
1695	2328.5483458042145	1.6113399545351663	1.0	36.2000%
1696	2332.4582512378693	1.749373563130697	1.0	37.3400%
1697	2336.3917469978333	1.6395074168841042	1.0	38.6600%
1698	2340.3608424663544	1.644112833340963	1.0	40.1000%
1699	2344.2664787769318	1.6664356946945191	1.0	40.3600%
1700	2348.247802257538	1.520088569323222	1.0	0
1701	2349.4207174777985	1.6950247089068093	1.0	0
1702	2350.5771255493164	1.4781444946924844	1.0	0
1703	2351.7939784526825	1.4584840893745419	1.0	0
1704	2352.9402480125427	1.881803278128306	1.0	0
1705	2354.067433834076	1.9425761063893636	1.0	0
1706	2355.2822844982147	1.700223437945048	1.0	0
1707	2356.489607810974	1.5924641370773318	1.0	0
1708	2357.723519563675	1.5985633015632632	1.0	0
1709	2358.941386461258	1.648174766699473	1.0	0
1710	2360.1794652938843	1.6928641279538474	1.0	0
1711	2361.3219680786133	1.6019900083541871	1.0	0
1712	2362.4972462654114	1.4517021298408508	1.0	0
1713	2363.696870326996	1.787270991007487	1.0	0
1714	2364.88254904747	1.7897933085759483	1.0	0
1715	2366.089851617813	1.6858790795008338	1.0	0
1716	2367.28932261467	1.5899477084477742	1.0	0
1717	2368.4806270599365	1.4973628838857016	1.0	0
1718	2369.6455068588257	1.6742010315259295	1.0	0
1719	2370.807977437973	1.4971034447352087	1.0	0
1720	2371.977905511856	1.6256680965423587	1.0	0
1721	2373.2237963676453	1.6464393059412639	1.0	0
1722	2374.392795562744	1.4577977339426678	1.0	0
1723	2375.5405461788177	1.5661650896072388	1.0	0
1724	2376.7114946842194	1.73123521010081	1.0	0
1725	2377.9643335342407	1.810419289271037	1.0	0
1726	2379.192398071289	1.5281163374582927	1.0	0
1727	2380.3885164260864	1.5884110371271771	1.0	0
1728	2381.5496072769165	1.5658827582995098	1.0	0
1729	2382.683338403702	1.7111515283584595	1.0	0
1730	2383.8414611816406	1.670756979783376	1.0	0
1731	2385.1226263046265	1.9380479256312053	1.0	0
1732	2386.3476181030273	1.86256476243337	1.0	0
1733	2387.454985141754	1.5705898920694987	1.0	0
1734	2388.634197950363	1.647610076268514	1.0	0
1735	2389.8044712543488	1.585335477193197	1.0	0
1736	2391.0038769245148	1.6872477372487389	1.0	0
1737	2392.2368223667145	1.6976154883702597	1.0	0
1738	2393.343658924103	1.5561307827631632	1.0	0
1739	2394.508924484253	1.4348498026529948	1.0	0
1740	2395.6530170440674	1.5058948318163556	1.0	0
1741	2396.773510456085	1.7223148902257284	1.0	0
1742	2397.982843875885	1.8809285402297973	1.0	0
1743	2399.10747218132	1.9240449110666915	1.0	0
1744	2400.2194328308105	1.7784638722737633	1.0	0
1745	2401.406257867813	1.6663626829783122	1.0	40.0700%
1746	2405.4479415416718	1.8259900252024333	1.0	39.6100%
1747	2409.3709909915924	1.6103604873021442	1.0	40.3600%
1748	2413.3316264152527	1.6400647282600402	1.0	39.7300%
1749	2417.3344192504883	1.5371913512547812	1.0	41.1400%
1750	2421.289002418518	1.5606902798016866	1.0	0
1751	2422.490340948105	1.6359986484050753	1.0	0
1752	2423.7331676483154	1.822392932573954	1.0	0
1753	2424.927992105484	1.6507267554601035	1.0	0
1754	2426.159094810486	1.7223886092503866	1.0	0
1755	2427.3662362098694	1.6772416591644286	1.0	0
1756	2428.5117750167847	1.5507245937983192	1.0	0
1757	2429.6848850250244	1.8713328719139102	1.0	0
1758	2430.8648154735565	1.7846842606862385	1.0	0
1759	2432.0362627506256	1.7457986990610759	1.0	0
1760	2433.1672196388245	1.8034106492996216	1.0	0
1761	2434.331951856613	1.5550174514452615	1.0	0
1762	2435.53329873085	1.5746933062871296	1.0	0
1763	2436.6795036792755	1.6856879035631815	1.0	0
1764	2437.878650188446	1.4735839406649271	1.0	0
1765	2438.997531414032	1.7332724412282308	1.0	0
1766	2440.1694252490997	1.5051468809445698	1.0	0
1767	2441.32914185524	1.5675381978352865	1.0	0
1768	2442.4806196689606	1.355559007326762	1.0	0
1769	2443.6496534347534	1.704981279373169	1.0	0
1770	2444.8727567195892	1.6308459440867107	1.0	0
1771	2446.0402228832245	1.6754764596621194	1.0	0
1772	2447.1154000759125	1.5673894008000688	1.0	0
1773	2448.333472967148	1.9005426009496054	1.0	0
1774	2449.474770307541	1.8198360363642376	1.0	0
1775	2450.7275171279907	1.6604771296183263	1.0	0
1776	2451.9399030208588	1.5504349033037819	1.0	0
1777	2453.1459562778473	1.5358911116917928	1.0	0
1778	2454.391480445862	1.7827503522237143	1.0	0
1779	2455.6024692058563	1.5089901367823284	1.0	0
1780	2456.7769021987915	1.571805997689565	1.0	0
1781	2457.9457244873047	1.544286835193634	1.0	0
1782	2459.145649433136	1.6357361316680907	1.0	0
1783	2460.3211982250214	1.50283975203832	1.0	0
1784	2461.5072782039642	1.34736008644104	1.0	0
1785	2462.717448949814	1.5359147270520528	1.0	0
1786	2463.8437509536743	1.9372778852780659	1.0	0
1787	2465.071118116379	1.8495280663172402	1.0	0
1788	2466.2397899627686	1.7388840436935427	1.0	0
1789	2467.444457054138	1.5581679264704384	1.0	0
1790	2468.58234000206	1.6839864571889245	1.0	0
1791	2469.7492632865906	1.5066551804542543	1.0	0
1792	2470.922888278961	1.370099711418152	1.0	0
1793	2472.0965435504913	1.4624763290087381	1.0	0
1794	2473.281644821167	1.6042927861213685	1.0	0
1795	2474.4898467063904	1.7645277579625447	1.0	37.7500%
1796	2478.3577852249146	1.4294164021809896	1.0	40.7300%
1797	2482.3013520240784	1.3655622522036233	1.0	39.9300%
1798	2486.2910935878754	1.6548736810684204	1.0	41.1900%
1799	2490.239918231964	1.365156050523122	1.0	38.3900%
1800	2494.2071948051453	1.5262900392214456	1.0	0
1801	2495.3972868919373	1.586329714457194	1.0	0
1802	2496.59356546402	1.8392847537994388	1.0	0
1803	2497.791947364807	1.5765071471532188	1.0	0
1804	2498.933140516281	1.5597205797831217	1.0	0
1805	2500.1218621730804	1.7274063746134438	1.0	0
1806	2501.27073431015	1.8350776036580403	1.0	0
1807	2502.4622735977173	1.6089756965637207	1.0	0
1808	2503.6334466934204	1.5977243026097614	1.0	0
1809	2504.8403635025024	1.6270904660224912	1.0	0
1810	2506.072941303253	1.757486947377523	1.0	0
1811	2507.2470211982727	1.5714785973230998	1.0	0
1812	2508.4304044246674	1.7725233117739359	1.0	0
1813	2509.581062555313	1.6494031826655071	1.0	0
1814	2510.772050857544	1.8414729913075765	1.0	0
1815	2511.9047248363495	1.7331480185190837	1.0	0
1816	2513.107203722	1.936662205060323	1.0	0
1817	2514.2396359443665	1.8054054339726764	1.0	0
1818	2515.379907131195	1.6541217803955082	1.0	0
1819	2516.61168217659	1.6411204020182293	1.0	0
1820	2517.812669277191	1.6069330692291262	1.0	0
1821	2518.929315328598	1.6542577505111695	1.0	0
1822	2520.111801624298	1.5593920946121214	1.0	0
1823	2521.3158321380615	1.7477331320444742	1.0	0
1824	2522.517490386963	1.9589312593142192	1.0	0
1825	2523.7149970531464	1.8288709481557213	1.0	0
1826	2524.909955739975	1.6324837108453116	1.0	0
1827	2526.0935504436493	1.6237947781880697	1.0	0
1828	2527.275195837021	1.6428798913955687	1.0	0
1829	2528.4591133594513	1.6901628017425534	1.0	0
1830	2529.6502373218536	1.5176109234491983	1.0	0
1831	2530.8300800323486	1.5463133056958516	1.0	0
1832	2532.0604507923126	1.4450068553288777	1.0	0
1833	2533.232568502426	1.5790337761243187	1.0	0
1834	2534.3878128528595	1.5286251386006673	1.0	0
1835	2535.576707839966	1.5973255236943564	1.0	0
1836	2536.7939903736115	1.4979097962379455	1.0	0
1837	2537.986414670944	1.4445342183113097	1.0	0
1838	2539.1274783611298	1.6085800727208455	1.0	0
1839	2540.2553684711456	1.598008966445923	1.0	0
1840	2541.439694881439	1.7974913557370507	1.0	0
1841	2542.618641138077	1.9287150303522742	1.0	0
1842	2543.8244256973267	1.6155389308929442	1.0	0
1843	2544.9777603149414	1.6109050154685973	1.0	0
1844	2546.1444573402405	1.7348334908485412	1.0	0
1845	2547.354845046997	1.7531368017196658	1.0	34.6600%
1846	2551.324247598648	1.7416184504826862	1.0	35.8500%
1847	2555.2316954135895	1.6904221057891846	1.0	41.3600%
1848	2559.172693490982	1.6689761559168497	1.0	40.2000%
1849	2563.105013370514	1.715898124376933	1.0	40.9300%
1850	2567.0506665706635	1.559392750263214	1.0	0
1851	2568.181337118149	1.5598877191543579	1.0	0
1852	2569.286423921585	1.434530266125997	1.0	0
1853	2570.4830894470215	1.4334597706794738	1.0	0
1854	2571.6995306015015	1.523633595307668	1.0	0
1855	2572.879718065262	1.66954452196757	1.0	0
1856	2574.0314450263977	1.6688997030258177	1.0	0
1857	2575.1956164836884	1.5678733746210733	1.0	0
1858	2576.325956583023	1.778217875957489	1.0	0
1859	2577.5064051151276	1.5860095024108884	1.0	0
1860	2578.6865060329437	1.4807654937108359	1.0	0
1861	2579.867176294327	1.5748333334922788	1.0	0
1862	2581.0443692207336	1.559903089205424	1.0	0
1863	2582.1826136112213	1.721397833029429	1.0	0
1864	2583.309179544449	1.6767704725265502	1.0	0
1865	2584.421181678772	1.5631527980168662	1.0	0
1866	2585.635453224182	1.6353919823964436	1.0	0
1867	2586.7297904491425	1.677911432584127	1.0	0
1868	2587.940614938736	1.5579362789789837	1.0	0
1869	2589.099022626877	1.571177049477895	1.0	0
1870	2590.281473636627	1.5057879686355589	1.0	0
1871	2591.5118947029114	1.9278909166653952	1.0	0
1872	2592.6483166217804	16.15358733336131	1.0	0
1873	2593.733158826828	7283.188647460936	1.0	0
1874	2594.804899930954	8900954828.800001	1.0	0
