0	10.59112024307251	2.29824644724528	1.0	0
1	11.92257833480835	2.307391675313314	1.0	0
2	13.209999561309814	2.3005984942118327	1.0	0
3	14.440470218658447	2.3026740074157717	1.0	0
4	15.667112827301025	2.300030755996704	1.0	0
5	16.923993825912476	2.3049842198689783	1.0	0
6	18.175923824310303	2.3032189846038817	1.0	0
7	19.449038982391357	2.305479558308919	1.0	0
8	20.71096634864807	2.3015135288238526	1.0	0
9	21.95453929901123	2.307166496912638	1.0	0
10	23.222683906555176	2.3009659926096595	1.0	0
11	24.44906711578369	2.3000898202260336	1.0	0
12	25.719676971435547	2.294797865549723	1.0	0
13	27.02269411087036	2.302746391296387	1.0	0
14	28.334715127944946	2.306302674611409	1.0	0
15	29.595616817474365	2.304114580154419	1.0	0
16	30.905513763427734	2.3069990793863933	1.0	0
17	32.2076849937439	2.3017835934956867	1.0	0
18	33.46532154083252	2.3045111020406086	1.0	0
19	34.74439358711243	2.3017585277557373	1.0	0
20	36.03313231468201	2.3023934682210285	1.0	0
21	37.297104835510254	2.303648821512858	1.0	0
22	38.57816982269287	2.306268819173177	1.0	0
23	39.86921286582947	2.3029769420623785	1.0	0
24	41.10923933982849	2.2997856140136723	1.0	0
25	42.41245436668396	2.3044384161631264	1.0	0
26	43.607786655426025	2.3053536097208656	1.0	0
27	44.78799080848694	2.2998207251230873	1.0	0
28	46.09769606590271	2.302099672953288	1.0	0
29	47.364166021347046	2.2998984018961584	1.0	0
30	48.66742968559265	2.3004974524180093	1.0	0
31	49.9911892414093	2.298849821090698	1.0	0
32	51.258095026016235	2.3067631721496578	1.0	0
33	52.51974129676819	2.2964417775472006	1.0	0
34	53.77116250991821	2.3037094275156655	1.0	0
35	55.11014652252197	2.2978458245595292	1.0	0
36	56.383158683776855	2.3049111366271973	1.0	0
37	57.679993867874146	2.3061010360717775	1.0	0
38	58.98716497421265	2.302684752146403	1.0	0
39	60.28074312210083	2.306085220972697	1.0	0
40	61.550522804260254	2.3022622585296633	1.0	0
41	62.85968208312988	2.300522184371948	1.0	0
42	64.16396880149841	2.3008320331573486	1.0	0
43	65.46277093887329	2.3019527594248452	1.0	0
44	66.64427471160889	2.3031675179799396	1.0	0
45	67.9564917087555	2.303668244679769	1.0	10.0000%
46	71.98486518859863	2.3077085177103673	1.0	10.0000%
47	76.01423525810242	2.3030259927113854	1.0	10.0000%
48	80.04024696350098	2.301744000116984	1.0	10.0000%
49	84.08336114883423	2.2994446118672687	1.0	10.0000%
50	88.09963750839233	2.2990435600280765	1.0	0
51	89.27441143989563	2.3047200838724775	1.0	0
52	90.51258373260498	2.305675792694092	1.0	0
53	91.82863569259644	2.300718752543131	1.0	0
54	93.01331782341003	2.306589635213216	1.0	0
55	94.2686538696289	2.303672583897909	1.0	0
56	95.46822547912598	2.303064743677775	1.0	0
57	96.71033811569214	2.301889435450236	1.0	0
58	97.90085768699646	2.298528416951497	1.0	0
59	99.19850444793701	2.309174108505249	1.0	0
60	100.52083587646484	2.3013127803802487	1.0	0
61	101.75765872001648	2.3032330830891925	1.0	0
62	103.02643060684204	2.3027072588602704	1.0	0
63	104.28296971321106	2.3028953711191815	1.0	0
64	105.52716040611267	2.3040873845418295	1.0	0
65	106.82065391540527	2.2971537113189697	1.0	0
66	108.1088080406189	2.304755926132202	1.0	0
67	109.35700607299805	2.3003609021504716	1.0	0
68	110.62365794181824	2.301675176620483	1.0	0
69	111.89506316184998	2.303373034795125	1.0	0
70	113.16776943206787	2.300747299194336	1.0	0
71	114.42281937599182	2.296835406621297	1.0	0
72	115.67286205291748	2.3043484369913734	1.0	0
73	116.9691960811615	2.307250150044759	1.0	0
74	118.2330493927002	2.3022148609161373	1.0	0
75	119.47665977478027	2.304339218139648	1.0	0
76	120.7455244064331	2.3004768212636315	1.0	0
77	122.00529909133911	2.3026612758636475	1.0	0
78	123.32413005828857	2.3034721215566	1.0	0
79	124.54527235031128	2.307044013341268	1.0	0
80	125.79751873016357	2.301860284805298	1.0	0
81	126.97728443145752	2.299696318308513	1.0	0
82	128.27660608291626	2.304258648554484	1.0	0
83	129.55598425865173	2.30407501856486	1.0	0
84	130.81688141822815	2.2979209740956623	1.0	0
85	132.089937210083	2.3023639202117923	1.0	0
86	133.25497198104858	2.3086143811543782	1.0	0
87	134.51771593093872	2.300194708506266	1.0	0
88	135.79627919197083	2.298033841451009	1.0	0
89	137.06592297554016	2.3039062976837155	1.0	0
90	138.31070947647095	2.3068580627441406	1.0	0
91	139.5489947795868	2.3021025816599527	1.0	0
92	140.81523418426514	2.3046199003855383	1.0	0
93	142.05683517456055	2.3020833015441897	1.0	0
94	143.31305503845215	2.3007767359415694	1.0	0
95	144.5362401008606	2.302787510553996	1.0	10.0000%
96	148.54047656059265	2.29636378288269	1.0	10.0000%
97	152.59659266471863	2.3032195409139	1.0	10.0000%
98	156.64776730537415	2.30193657875061	1.0	10.0000%
99	160.70938396453857	2.3017683823903403	1.0	10.0000%
100	164.77165365219116	2.303623469670614	1.0	0
101	166.07858157157898	2.3005305290222164	1.0	0
102	167.25456047058105	2.3026700019836426	1.0	0
103	168.46955585479736	2.3031811396280926	1.0	0
104	169.76685094833374	2.302986033757528	1.0	0
105	171.07617616653442	2.2997458616892494	1.0	0
106	172.3542194366455	2.3066269238789876	1.0	0
107	173.58486151695251	2.3022416114807127	1.0	0
108	174.78446531295776	2.302121718724569	1.0	0
109	176.01193189620972	2.300162045160929	1.0	0
110	177.2969183921814	2.305170933405558	1.0	0
111	178.53441643714905	2.305005693435669	1.0	0
112	179.78321623802185	2.299353281656901	1.0	0
113	181.08396553993225	2.3055466969807945	1.0	0
114	182.3008737564087	2.300834846496582	1.0	0
115	183.54413270950317	2.301231225331624	1.0	0
116	184.83500361442566	2.30662145614624	1.0	0
117	186.03809809684753	2.3016525109608965	1.0	0
118	187.30767369270325	2.2999469757080084	1.0	0
119	188.5304958820343	2.3018945058186846	1.0	0
120	189.7777054309845	2.2994336446126304	1.0	0
121	190.9990496635437	2.3014137744903564	1.0	0
122	192.25898051261902	2.3040767828623454	1.0	0
123	193.5095784664154	2.298789771397909	1.0	0
124	194.75648593902588	2.302677838007609	1.0	0
125	196.01638650894165	2.30436422030131	1.0	0
126	197.28016448020935	2.301457675298055	1.0	0
127	198.53552389144897	2.3034172693888344	1.0	0
128	199.81493616104126	2.2997877597808842	1.0	0
129	201.11204886436462	2.3004732926686606	1.0	0
130	202.41536903381348	2.3015820821126303	1.0	0
131	203.7160289287567	2.3016990184783936	1.0	0
132	204.97947216033936	2.304586839675903	1.0	0
133	206.24956703186035	2.301459868748983	1.0	0
134	207.49919271469116	2.296443367004395	1.0	0
135	208.77899193763733	2.3032332102457684	1.0	0
136	210.04061698913574	2.3016710917154946	1.0	0
137	211.2914743423462	2.3067118326822915	1.0	0
138	212.57814240455627	2.301605081558227	1.0	0
139	213.81350231170654	2.3002466519673663	1.0	0
140	215.05903887748718	2.3026134173075357	1.0	0
141	216.28476738929749	2.303397703170776	1.0	0
142	217.57386541366577	2.300726175308228	1.0	0
143	218.8470160961151	2.3024018446604413	1.0	0
144	220.1043918132782	2.3033334891001385	1.0	0
145	221.44718265533447	2.3058547337849937	1.0	10.0000%
146	225.5106885433197	2.2988046487172444	1.0	10.0000%
147	229.5155313014984	2.303407255808512	1.0	10.0000%
148	233.52865076065063	2.301808849970499	1.0	10.9500%
149	237.54993104934692	2.3007872740427655	1.0	13.6200%
150	241.5749490261078	2.304798364639282	1.0	0
151	242.85068893432617	2.3022522926330566	1.0	0
152	244.06452107429504	2.2989840507507324	1.0	0
153	245.2692952156067	2.3019775072733557	1.0	0
154	246.5504412651062	2.3018265406290688	1.0	0
155	247.8035078048706	2.305629348754883	1.0	0
156	249.03929257392883	2.3011513868967692	1.0	0
157	250.30300116539001	2.303333918253581	1.0	0
158	251.5470769405365	2.300655603408813	1.0	0
159	252.84966158866882	2.3008659362792967	1.0	0
160	254.13755822181702	2.3055699984232585	1.0	0
161	255.389151096344	2.3005919933319094	1.0	0
162	256.70451855659485	2.2994623661041262	1.0	0
163	257.9215066432953	2.3020501931508384	1.0	0
164	259.1481728553772	2.300638691584269	1.0	0
165	260.3735649585724	2.3015562852223717	1.0	0
166	261.67740869522095	2.2992138385772707	1.0	0
167	262.95094060897827	2.2990540345509847	1.0	0
168	267.1964931488037	2.3020941257476806	1.0	0
169	268.4441030025482	2.3027253627777102	1.0	0
170	269.7124629020691	2.299271694819132	1.0	0
171	270.9922225475311	2.300292174021403	1.0	0
172	272.21805119514465	2.3043115456899006	1.0	0
173	273.4863920211792	2.3024046738942463	1.0	0
174	274.7649793624878	2.299254814783732	1.0	0
175	276.0649607181549	2.3057979106903073	1.0	0
176	277.33419036865234	2.3013503233591717	1.0	0
177	278.5715661048889	2.302645190556844	1.0	0
178	279.8290135860443	2.303008683522542	1.0	0
179	281.1276113986969	2.3008663972218835	1.0	0
180	282.4190149307251	2.3024386246999105	1.0	0
181	283.66914796829224	2.3012199083964027	1.0	0
182	284.95056915283203	2.3021643002827963	1.0	0
183	286.1531274318695	2.3038633664449057	1.0	0
184	287.4423496723175	2.2997509161631267	1.0	0
185	288.6772606372833	2.3025314966837565	1.0	0
186	289.9265224933624	2.3014372189839682	1.0	0
187	291.1847333908081	2.3010221163431805	1.0	0
188	292.40312218666077	2.302195978164673	1.0	0
189	293.6633517742157	2.2989075660705565	1.0	0
190	294.9290943145752	2.3027274290720623	1.0	0
191	296.21963119506836	2.3019710381825766	1.0	0
192	297.43782925605774	2.30137734413147	1.0	0
193	298.6940360069275	2.2988934357961024	1.0	0
194	300.00697326660156	2.301739199956258	1.0	0
195	301.26024985313416	2.304063622156779	1.0	15.9000%
196	305.3653564453125	2.298981189727783	1.0	10.1000%
197	309.3502447605133	2.2993935743967695	1.0	16.2400%
198	313.40875124931335	2.2997272968292237	1.0	15.3100%
199	317.4471387863159	2.3012666861216227	1.0	11.0200%
200	321.46247458457947	2.3004225095113116	1.0	0
201	322.7376298904419	2.2992029825846356	1.0	0
202	323.9124732017517	2.304593563079834	1.0	0
203	325.20296263694763	2.3007364590962727	1.0	0
204	326.43595242500305	2.3056559562683105	1.0	0
205	327.65707182884216	2.2991165320078535	1.0	0
206	328.89994764328003	2.3043937206268312	1.0	0
207	330.1981737613678	2.303178755442301	1.0	0
208	331.42049384117126	2.3013730367024734	1.0	0
209	332.7074706554413	2.300398111343384	1.0	0
210	333.9869520664215	2.3009510517120364	1.0	0
211	335.2494738101959	2.2989664236704512	1.0	0
212	336.48634147644043	2.2985720157623293	1.0	0
213	337.7307698726654	2.3009638627370204	1.0	0
214	339.02691555023193	2.303677097956339	1.0	0
215	340.2599892616272	2.304781770706177	1.0	0
216	341.5395550727844	2.2997596422831217	1.0	0
217	342.80903673171997	2.3024936517079673	1.0	0
218	344.0464026927948	2.2992829004923503	1.0	0
219	345.3193485736847	2.3019373099009197	1.0	0
220	346.5236599445343	2.2986172358194987	1.0	0
221	347.72678804397583	2.297754494349162	1.0	0
222	348.9243965148926	2.30401496887207	1.0	0
223	350.11145997047424	2.3012890974680578	1.0	0
224	351.38698959350586	2.3010835965474445	1.0	0
225	352.65792751312256	2.303211339314779	1.0	0
226	353.8759500980377	2.300675614674886	1.0	0
227	355.101655960083	2.3019241491953535	1.0	0
228	356.32381677627563	2.300099563598633	1.0	0
229	357.5811553001404	2.300495179494222	1.0	0
230	358.8492398262024	2.3014033794403077	1.0	0
231	360.00174021720886	2.3020210107167562	1.0	0
232	361.2399082183838	2.3001647472381594	1.0	0
233	362.45389318466187	2.302319876352946	1.0	0
234	363.71741676330566	2.3009319146474203	1.0	0
235	364.97591400146484	2.3039494037628176	1.0	0
236	366.16626024246216	2.302087656656901	1.0	0
237	367.41247367858887	2.299671522776286	1.0	0
238	368.6285390853882	2.3037470976511636	1.0	0
239	369.8292968273163	2.2988757292429605	1.0	0
240	371.05926489830017	2.3017774264017734	1.0	0
241	372.25608921051025	2.2994968891143794	1.0	0
242	373.5235266685486	2.2988676706949875	1.0	0
243	374.751939535141	2.299913581212362	1.0	0
244	376.01750206947327	2.3015338579813633	1.0	0
245	377.2382173538208	2.300516668955485	1.0	10.2300%
246	381.348913192749	2.2978571097056073	1.0	10.0000%
247	385.3744316101074	2.3007843017578122	1.0	10.0000%
248	389.45253133773804	2.2987593491872156	1.0	10.0000%
249	393.49941515922546	2.2993157227834065	1.0	10.0000%
250	397.4554121494293	2.297129185994466	1.0	0
251	398.69640040397644	2.2957386334737144	1.0	0
252	399.95305466651917	2.30033065478007	1.0	0
253	401.1788423061371	2.303223292032878	1.0	0
254	402.345951795578	2.296635373433431	1.0	0
255	403.61800837516785	2.2972076257069904	1.0	0
256	404.93098521232605	2.3014746189117434	1.0	0
257	406.13999605178833	2.296414232254029	1.0	0
258	407.3444528579712	2.300215562184652	1.0	0
259	408.5837616920471	2.3060200850168866	1.0	0
260	409.76690697669983	2.3006966431935627	1.0	0
261	410.99382400512695	2.3000385284423825	1.0	0
262	412.2259395122528	2.30127854347229	1.0	0
263	413.4854898452759	2.3000744819641112	1.0	0
264	414.76735162734985	2.302704890569051	1.0	0
265	415.965270280838	2.3016065756479898	1.0	0
266	417.2100901603699	2.295478979746501	1.0	0
267	418.484991312027	2.2957527319590247	1.0	0
268	419.7119286060333	2.2995431105295814	1.0	0
269	420.92311573028564	2.301527182261149	1.0	0
270	422.1530530452728	2.2963261763254805	1.0	0
271	423.3952431678772	2.3002095222473145	1.0	0
272	424.6680998802185	2.3032955328623457	1.0	0
273	425.901437997818	2.304745022455851	1.0	0
274	427.1543781757355	2.2999514579772944	1.0	0
275	428.3387293815613	2.2982954502105715	1.0	0
276	429.6470649242401	2.3003173510233563	1.0	0
277	430.8959913253784	2.301754490534465	1.0	0
278	432.1845681667328	2.3029150009155273	1.0	0
279	433.4892928600311	2.2985971927642823	1.0	0
280	434.68606519699097	2.3001588980356846	1.0	0
281	435.92277431488037	2.3001331011454265	1.0	0
282	437.207234621048	2.2964604059855143	1.0	0
283	438.4975211620331	2.295917097727458	1.0	0
284	439.74071168899536	2.29444694519043	1.0	0
285	440.93607234954834	2.299351119995117	1.0	0
286	442.1732499599457	2.2983949979146323	1.0	0
287	443.38404726982117	2.2978370666503904	1.0	0
288	444.61729407310486	2.3002378940582275	1.0	0
289	445.83254861831665	2.3100276947021485	1.0	0
290	447.1293213367462	2.298535060882568	1.0	0
291	448.3794331550598	2.298610575993856	1.0	0
292	449.5742516517639	2.3038130124409997	1.0	0
293	450.80731558799744	2.298191563288371	1.0	0
294	452.05134415626526	2.2999687830607094	1.0	0
295	453.3377642631531	2.296521806716919	1.0	15.6900%
296	457.35334634780884	2.3000455697377524	1.0	15.8100%
297	461.4318242073059	2.300740114847819	1.0	14.4600%
298	465.4954528808594	2.2995878855387364	1.0	17.6000%
299	469.4523594379425	2.299198039372762	1.0	16.1900%
300	473.4410545825958	2.2991062323252365	1.0	0
301	474.75716829299927	2.2978044350941977	1.0	0
302	476.0039005279541	2.2985755284627283	1.0	0
303	477.25155544281006	2.299368731180827	1.0	0
304	478.4924280643463	2.2984991709391274	1.0	0
305	479.7601754665375	2.302091630299886	1.0	0
306	480.97557377815247	2.3022841453552245	1.0	0
307	482.2213215827942	2.2972729206085205	1.0	0
308	483.39784812927246	2.29944551785787	1.0	0
309	484.6241075992584	2.302272113164266	1.0	0
310	485.8983325958252	2.29532888730367	1.0	0
311	487.18098425865173	2.2962406794230144	1.0	0
312	488.43742656707764	2.295983219146729	1.0	0
313	489.70489621162415	2.293780088424682	1.0	0
314	490.9450943470001	2.298171011606852	1.0	0
315	492.22132182121277	2.29757251739502	1.0	0
316	493.44092988967896	2.30199294090271	1.0	0
317	494.6360318660736	2.2980377038319904	1.0	0
318	495.9389350414276	2.2983320871988933	1.0	0
319	497.2126431465149	2.3018618742624914	1.0	0
320	498.47632217407227	2.3001558621724447	1.0	0
321	499.726185798645	2.295284350713094	1.0	0
322	500.91702365875244	2.298688507080078	1.0	0
323	502.1876542568207	2.304011615117391	1.0	0
324	503.49033093452454	2.3019589424133304	1.0	0
325	504.7431449890137	2.295725727081299	1.0	0
326	506.00851559638977	2.297176074981689	1.0	0
327	507.26115345954895	2.295907926559448	1.0	0
328	508.4643430709839	2.2981099128723144	1.0	0
329	509.69433999061584	2.29627464612325	1.0	0
330	510.9557433128357	2.29742062886556	1.0	0
331	512.1557865142822	2.299396785100301	1.0	0
332	513.3565635681152	2.299611949920654	1.0	0
333	514.5919919013977	2.3031959851582844	1.0	0
334	515.8453545570374	2.298152875900269	1.0	0
335	517.1092350482941	2.2954534689585366	1.0	0
336	518.309319972992	2.299559609095256	1.0	0
337	519.5131058692932	2.296604490280151	1.0	0
338	520.7968904972076	2.3008795738220216	1.0	0
339	522.0589532852173	2.297447427113851	1.0	0
340	523.2958941459656	2.299266052246094	1.0	0
341	524.5718955993652	2.2960508823394776	1.0	0
342	525.8359923362732	2.2955712318420405	1.0	0
343	527.0457081794739	2.2990787506103514	1.0	0
344	528.2805352210999	2.3011180877685544	1.0	0
345	529.5469744205475	2.296764771143595	1.0	15.0600%
346	533.6006314754486	2.2978285471598308	1.0	14.9200%
347	537.6412863731384	2.2970630645751955	1.0	15.1800%
348	541.639151096344	2.2945475578308105	1.0	16.0800%
349	545.6154441833496	2.296966807047526	1.0	15.6100%
350	549.634681224823	2.2994472026824955	1.0	0
351	550.9017088413239	2.2955982526143393	1.0	0
352	552.1660408973694	2.3007046222686767	1.0	0
353	553.4236979484558	2.2992631435394286	1.0	0
354	554.7306845188141	2.2948775609334318	1.0	0
355	555.9924366474152	2.293041197458903	1.0	0
356	557.2983753681183	2.300562747319539	1.0	0
357	558.5429353713989	2.291849978764852	1.0	0
358	559.8083384037018	2.302362012863159	1.0	0
359	561.0544571876526	2.298476902643839	1.0	0
360	562.292643070221	2.296234162648519	1.0	0
361	563.525003194809	2.293929068247477	1.0	0
362	564.7380480766296	2.2976543108622236	1.0	0
363	566.0038824081421	2.3004380385080974	1.0	0
364	567.2664721012115	2.2951384703318274	1.0	0
365	568.5060923099518	2.296834055582682	1.0	0
366	569.7360389232635	2.2964274724324545	1.0	0
367	571.009397983551	2.2998872915903728	1.0	0
368	572.2933695316315	2.295003827412923	1.0	0
369	573.4712553024292	2.2948124885559085	1.0	0
370	574.6878998279572	2.294432592391968	1.0	0
371	575.9379901885986	2.294820483525594	1.0	0
372	577.1950597763062	2.297994168599447	1.0	0
373	578.4302852153778	2.293893130620321	1.0	0
374	579.680666923523	2.2951153437296545	1.0	0
375	580.8636963367462	2.2929884433746337	1.0	0
376	582.0930693149567	2.2990708827972415	1.0	0
377	583.3779556751251	2.295125246047973	1.0	0
378	584.611163854599	2.294253142674764	1.0	0
379	585.8455247879028	2.2943245093027747	1.0	0
380	587.1142241954803	2.2918659369150793	1.0	0
381	588.3446955680847	2.29298578898112	1.0	0
382	589.639030456543	2.294395176569621	1.0	0
383	590.8322007656097	2.2947444756825766	1.0	0
384	592.0757040977478	2.2914622147878014	1.0	0
385	593.3439922332764	2.290506887435913	1.0	0
386	594.5893542766571	2.2958862145741783	1.0	0
387	595.8850674629211	2.2910307884216308	1.0	0
388	597.1715700626373	2.293393596013387	1.0	0
389	598.4271724224091	2.2971981525421143	1.0	0
390	599.6339356899261	2.294134521484375	1.0	0
391	600.9189631938934	2.288061094284058	1.0	0
392	602.1189894676208	2.290568399429321	1.0	0
393	603.3097541332245	2.2915815512339273	1.0	0
394	604.5753796100616	2.29205756187439	1.0	0
395	605.9132084846497	2.288357257843018	1.0	14.8100%
396	609.97398853302	2.290783977508545	1.0	15.5800%
397	614.0619034767151	2.2907826741536454	1.0	17.3200%
398	618.1006906032562	2.2903533776601153	1.0	17.7800%
399	622.0970423221588	2.2937427202860516	1.0	14.4400%
400	626.1151735782623	2.296156088511149	1.0	0
401	627.3663644790649	2.292626778284709	1.0	0
402	628.6498403549194	2.290665070215861	1.0	0
403	629.9389045238495	2.2921443144480387	1.0	0
404	631.1893601417542	2.2930187543233234	1.0	0
405	632.4638419151306	2.294119596481323	1.0	0
406	633.7223744392395	2.2901040871938068	1.0	0
407	634.986248254776	2.287757953008016	1.0	0
408	636.1906390190125	2.290392287572225	1.0	0
409	637.4810645580292	2.2933822790781653	1.0	0
410	638.6796443462372	2.2898002147674563	1.0	0
411	639.972333908081	2.2862478733062743	1.0	0
412	641.203360080719	2.2883805274963382	1.0	0
413	642.4189734458923	2.287260961532593	1.0	0
414	643.6908745765686	2.291002368927002	1.0	0
415	644.96910405159	2.2916777610778807	1.0	0
416	646.2421629428864	2.2855698108673095	1.0	0
417	647.4759397506714	2.289228375752767	1.0	0
418	648.7507092952728	2.292087936401367	1.0	0
419	650.0510778427124	2.285341660181681	1.0	0
420	651.2510159015656	2.2875140190124514	1.0	0
421	652.4739918708801	2.2859866937001545	1.0	0
422	653.7144916057587	2.286585934956869	1.0	0
423	654.9531676769257	2.283394098281861	1.0	0
424	656.1813609600067	2.289747476577759	1.0	0
425	657.4645230770111	2.281325356165568	1.0	0
426	658.716552734375	2.268910805384318	1.0	0
427	659.9703073501587	2.2865682442982993	1.0	0
428	661.2193057537079	2.274321508407593	1.0	0
429	662.4560654163361	2.2879100799560543	1.0	0
430	663.7112543582916	2.278692388534546	1.0	0
431	665.000682592392	2.2832699457804364	1.0	0
432	666.2580697536469	2.287985563278198	1.0	0
433	667.5361194610596	2.2819340387980147	1.0	0
434	668.791243314743	2.2751136302948	1.0	0
435	670.0080020427704	2.278249947230021	1.0	0
436	671.227067232132	2.2790677229563396	1.0	0
437	672.4883992671967	2.281458282470703	1.0	0
438	673.7020614147186	2.2738773345947263	1.0	0
439	674.9629018306732	2.28269526163737	1.0	0
440	676.1785740852356	2.275037717819214	1.0	0
441	677.4383292198181	2.2825168768564863	1.0	0
442	678.6760456562042	2.2778836886088047	1.0	0
443	679.9392087459564	2.2699323813120524	1.0	0
444	681.189727306366	2.2828813870747884	1.0	0
445	682.3992474079132	2.26735782623291	1.0	21.1900%
446	686.3826720714569	2.2727211157480873	1.0	20.9000%
447	690.4524447917938	2.2645089308420814	1.0	20.6300%
448	694.423926115036	2.269287379582723	1.0	20.7300%
449	698.4185721874237	2.255790948867798	1.0	20.8100%
450	702.4838190078735	2.2480429490407308	1.0	0
451	703.715256690979	2.2755425135294596	1.0	0
452	704.9379930496216	2.2638852914174397	1.0	0
453	706.1849658489227	2.2581499735514323	1.0	0
454	707.4178841114044	2.2600319703420007	1.0	0
455	708.6969647407532	2.258258787790934	1.0	0
456	709.9379827976227	2.2580073992411296	1.0	0
457	711.2300519943237	2.2710214932759603	1.0	0
458	712.5015783309937	2.254072109858195	1.0	0
459	713.7715475559235	2.270381498336792	1.0	0
460	715.0148091316223	2.2395366668701167	1.0	0
461	716.3244597911835	2.231819279988607	1.0	0
462	717.6046185493469	2.2478854179382326	1.0	0
463	718.8060209751129	2.2297643661499023	1.0	0
464	719.9832425117493	2.214306402206421	1.0	0
465	721.272385597229	2.2378760019938153	1.0	0
466	722.5440351963043	2.1943511962890625	1.0	0
467	723.7822291851044	2.2340617338816324	1.0	0
468	724.9900562763214	2.2333619912465417	1.0	0
469	726.2191696166992	2.2269750277201332	1.0	0
470	727.4554715156555	2.231153011322022	1.0	0
471	728.694899559021	2.2181839942932133	1.0	0
472	729.8779437541962	2.2005531787872314	1.0	0
473	731.1299638748169	2.185743284225464	1.0	0
474	732.3448898792267	2.2055512428283692	1.0	0
475	733.6241595745087	2.235001214345296	1.0	0
476	734.8602569103241	2.1837574164072673	1.0	0
477	736.0934040546417	2.2000762303670247	1.0	0
478	737.3486380577087	2.182607316970825	1.0	0
479	738.5967445373535	2.19049776395162	1.0	0
480	739.8699672222137	2.159084145228068	1.0	0
481	741.087121963501	2.1700268586476645	1.0	0
482	742.3427684307098	2.1570932467778525	1.0	0
483	743.5977833271027	2.1548858722050985	1.0	0
484	744.8379447460175	2.1330315828323365	1.0	0
485	746.117698431015	2.1290661493937173	1.0	0
486	747.4262413978577	2.121668895085653	1.0	0
487	748.688312292099	2.1461897770563763	1.0	0
488	749.9227969646454	2.216545017560323	1.0	0
489	751.1579782962799	2.1716675758361816	1.0	0
490	752.3310718536377	2.147085428237915	1.0	0
491	753.5660152435303	2.267083056767781	1.0	0
492	754.8364341259003	2.151699511210124	1.0	0
493	756.0740482807159	2.1581052700678507	1.0	0
494	757.3402330875397	2.1190189997355144	1.0	0
495	758.5950849056244	2.1975228548049928	1.0	19.4400%
496	762.7292847633362	2.188253394762675	1.0	20.1300%
497	766.771430015564	2.121833888689677	1.0	20.6400%
498	770.7951798439026	2.1008319298426312	1.0	20.5300%
499	774.8334844112396	2.166357358296712	1.0	21.6700%
500	778.853084564209	2.1057839075724285	1.0	0
501	780.1332094669342	2.18202695051829	1.0	0
502	781.3511712551117	2.224447735150655	1.0	0
503	782.5605828762054	2.0921365261077884	1.0	0
504	783.7623138427734	2.0971185127894083	1.0	0
505	784.9622411727905	2.0610630909601846	1.0	0
506	786.1879370212555	2.0898595650990806	1.0	0
507	787.4180424213409	2.0574109792709345	1.0	0
508	788.6354620456696	2.0780420621236164	1.0	0
509	789.8725864887238	2.219736131032308	1.0	0
510	791.0736622810364	2.0554370482762656	1.0	0
511	792.2779319286346	2.113142307599386	1.0	0
512	793.5090615749359	2.1468127648035686	1.0	0
513	794.6973588466644	2.032282010714213	1.0	0
514	795.9105913639069	2.1352053880691524	1.0	0
515	797.1020362377167	2.1759978691736857	1.0	0
516	798.3416485786438	2.0560148795445756	1.0	0
517	799.5809726715088	2.060890261332194	1.0	0
518	800.8366680145264	2.01821498076121	1.0	0
519	802.0638818740845	2.0803853829701744	1.0	0
520	803.2524843215942	2.160176904996236	1.0	0
521	804.4278481006622	2.202361830075582	1.0	0
522	805.5821151733398	2.0710494995117186	1.0	0
523	806.811203956604	2.0850194295247393	1.0	0
524	808.0204286575317	2.0635994434356686	1.0	0
525	809.2478175163269	2.0231260776519777	1.0	0
526	810.393316745758	2.08916650613149	1.0	0
527	811.6464760303497	2.0430060704549153	1.0	0
528	812.8257081508636	2.023236385981242	1.0	0
529	814.040595293045	2.0709658940633133	1.0	0
530	815.2655766010284	1.9901084264119466	1.0	0
531	816.4979386329651	2.031966892878215	1.0	0
532	817.697890996933	2.061866784095764	1.0	0
533	818.9486005306244	2.070298703511556	1.0	0
534	820.1356375217438	2.004710753758748	1.0	0
535	821.3083455562592	1.9233713229497276	1.0	0
536	822.4787213802338	2.053281569480896	1.0	0
537	823.7422955036163	2.057848811149597	1.0	0
538	825.0129730701447	2.165854891141256	1.0	0
539	826.2649118900299	2.0927196741104126	1.0	0
540	827.4686915874481	1.9994876623153688	1.0	0
541	828.646876335144	2.1374106407165527	1.0	0
542	829.8238708972931	1.967434279123942	1.0	0
543	831.0546140670776	2.0527649879455563	1.0	0
544	832.2541034221649	2.1150012652079266	1.0	0
545	833.4662415981293	2.16329566637675	1.0	19.9700%
546	837.5294334888458	2.083213575681051	1.0	21.8800%
547	841.5602118968964	2.071539505322774	1.0	22.2000%
548	845.560022354126	2.1564268509546918	1.0	20.8300%
549	849.5695259571075	2.019560503959656	1.0	21.9900%
550	853.6106686592102	2.148619286219279	1.0	0
551	854.853334903717	2.0951839447021485	1.0	0
552	856.0602445602417	2.045453190803528	1.0	0
553	857.2799255847931	2.003134163220724	1.0	0
554	858.4541749954224	2.05969987710317	1.0	0
555	859.6241524219513	2.044823400179545	1.0	0
556	860.7944903373718	2.029127844174703	1.0	0
557	861.9910278320312	1.882952833175659	1.0	0
558	863.2198295593262	2.014024265607198	1.0	0
559	864.4141390323639	1.874398875236511	1.0	0
560	865.6238963603973	2.0563104073206584	1.0	0
561	866.8665108680725	1.9470309654871625	1.0	0
562	868.050074338913	2.00755832195282	1.0	0
563	869.256618976593	2.0343089739481606	1.0	0
564	870.4710626602173	2.0255492846171057	1.0	0
565	871.7425372600555	1.9467827558517459	1.0	0
566	872.9074540138245	1.9612722078959146	1.0	0
567	874.1342222690582	2.040836930274963	1.0	0
568	875.3709590435028	1.9238216002782187	1.0	0
569	876.5966634750366	2.0479986667633057	1.0	0
570	877.778950214386	2.136648654937744	1.0	0
571	878.9200208187103	2.1000317732493086	1.0	0
572	881.0909633636475	2.0306373516718543	1.0	0
573	882.3190870285034	2.104324197769165	1.0	0
574	883.5609650611877	2.0560394605000814	1.0	0
575	884.7939248085022	1.9688078324000045	1.0	0
576	886.0391271114349	1.9249194224675497	1.0	0
577	887.3197543621063	2.0209788878758745	1.0	0
578	888.5498223304749	2.035681319236755	1.0	0
579	889.8162488937378	2.116304286321004	1.0	0
580	890.9920303821564	1.9930659929911296	1.0	0
581	892.2219069004059	2.0742701292037964	1.0	0
582	893.4315927028656	1.938879720369975	1.0	0
583	894.6481592655182	2.030536079406738	1.0	0
584	895.8420221805573	2.001488757133484	1.0	0
585	897.0920691490173	1.9781004269917801	1.0	0
586	898.2893579006195	2.025575041770935	1.0	0
587	899.5035002231598	1.974932821591695	1.0	0
588	900.7488481998444	2.143676710128784	1.0	0
589	901.9451153278351	2.0694486220677693	1.0	0
590	903.2246203422546	1.9787059624989827	1.0	0
591	904.4295420646667	2.004699222246806	1.0	0
592	905.6262202262878	1.9676056305567426	1.0	0
593	906.830973148346	2.018370397885641	1.0	0
594	908.0130417346954	2.0499693552652998	1.0	0
595	909.196261882782	1.966402490933736	1.0	21.3400%
596	913.1843113899231	2.061309599876404	1.0	22.1300%
597	917.2014501094818	1.9910007158915202	1.0	21.1700%
598	921.2103133201599	1.8798330704371136	1.0	21.9600%
599	925.1548495292664	1.9559372822443641	1.0	21.5300%
600	929.1047515869141	2.034858751296997	1.0	0
601	930.3081362247467	1.9512019952138264	1.0	0
602	931.4968197345734	1.963478390375773	1.0	0
603	932.7238779067993	2.2329349597295125	1.0	0
604	933.8532185554504	2.153214923540751	1.0	0
605	935.065931558609	2.0357521772384644	1.0	0
606	936.3072865009308	2.013225372632345	1.0	0
607	937.5630679130554	1.9473822037378947	1.0	0
608	938.7493662834167	1.9680053393046062	1.0	0
609	939.9780805110931	2.0892733097076417	1.0	0
610	941.1345558166504	2.0397240002950032	1.0	0
611	942.4294097423553	1.9372605800628664	1.0	0
612	943.6751611232758	1.9443394899368287	1.0	0
613	944.9219751358032	1.942643896738688	1.0	0
614	946.1622800827026	1.9912930091222125	1.0	0
615	947.3709802627563	2.0814733584721883	1.0	0
616	948.5741283893585	1.9357424179712932	1.0	0
617	949.7583661079407	2.022102705637614	1.0	0
618	950.9699201583862	2.0726885477701824	1.0	0
619	952.169872045517	2.243970624605814	1.0	0
620	953.3830764293671	2.3312592903772993	1.0	0
621	954.5900521278381	1.9569013357162477	1.0	0
622	955.8357832431793	1.968000610669454	1.0	0
623	957.0149495601654	1.9702937841415402	1.0	0
624	958.2010929584503	2.035281626383463	1.0	0
625	959.3809173107147	2.046900741259257	1.0	0
626	960.5679886341095	2.0752374490102135	1.0	0
627	961.7979996204376	2.0156665881474813	1.0	0
628	963.0062162876129	1.9875584522883096	1.0	0
629	964.2455213069916	2.0005927403767907	1.0	0
630	965.4638805389404	1.991899347305298	1.0	0
631	966.6650562286377	1.88386116027832	1.0	0
632	967.8739838600159	2.005447753270467	1.0	0
633	969.138411283493	1.9221685806910196	1.0	0
634	970.3479657173157	2.099462048212687	1.0	0
635	971.563414812088	2.096073722839355	1.0	0
636	972.7089352607727	2.036803642908732	1.0	0
637	973.9189269542694	2.100834043820699	1.0	0
638	975.0964105129242	1.9945882638295491	1.0	0
639	976.2844605445862	1.962941861152649	1.0	0
640	977.4668841362	1.9541879574457808	1.0	0
641	978.6556680202484	2.0059902588526404	1.0	0
642	979.9139831066132	1.9942415952682495	1.0	0
643	981.1310722827911	1.9625912745793663	1.0	0
644	982.3788468837738	1.9411264419555665	1.0	0
645	983.556257724762	1.9557475407918294	1.0	23.6400%
646	987.5523898601532	1.8412421385447184	1.0	19.9800%
647	991.5606544017792	2.009405827522278	1.0	18.2900%
648	995.5116913318634	2.0861120462417597	1.0	22.6200%
649	999.5334343910217	2.0251228809356685	1.0	23.8800%
650	1003.4521918296814	2.1653714815775555	1.0	0
651	1004.6899950504303	1.7787309805552165	1.0	0
652	1005.9197285175323	2.0956351359685264	1.0	0
653	1007.1692385673523	2.002982306480408	1.0	0
654	1008.349484205246	1.947788715362549	1.0	0
655	1009.5152018070221	1.93748197555542	1.0	0
656	1010.7584662437439	2.058162498474121	1.0	0
657	1011.9281158447266	1.8559348503748576	1.0	0
658	1013.093358039856	1.9551356236139936	1.0	0
659	1014.3240416049957	1.969649831453959	1.0	0
660	1015.5110104084015	1.980440656344096	1.0	0
661	1016.758617401123	1.945444901784261	1.0	0
662	1018.0026507377625	1.9748411337534586	1.0	0
663	1019.2329337596893	1.9482972701390586	1.0	0
664	1020.4958291053772	1.7954042593638104	1.0	0
665	1021.6903038024902	1.9665430148442582	1.0	0
666	1022.8980338573456	2.1350955168406167	1.0	0
667	1024.1131799221039	1.9051530281702678	1.0	0
668	1025.281913280487	1.9419838190078738	1.0	0
669	1026.5010740756989	1.96670196056366	1.0	0
670	1027.7339477539062	1.9062946716944376	1.0	0
671	1028.9782378673553	1.9522539456685384	1.0	0
672	1030.1550052165985	2.000494678815206	1.0	0
673	1031.34263920784	2.0811827421188354	1.0	0
674	1032.5739104747772	1.964059495925903	1.0	0
675	1033.7699406147003	1.8820425351460772	1.0	0
676	1034.9501340389252	1.8309132814407347	1.0	0
677	1036.167223930359	1.8894076188405355	1.0	0
678	1037.32657289505	2.076918276151021	1.0	0
679	1038.563529253006	2.265399360656738	1.0	0
680	1039.7611496448517	2.0909182151158654	1.0	0
681	1040.9636635780334	2.09781231880188	1.0	0
682	1042.130004644394	1.8733913342158002	1.0	0
683	1043.3617148399353	1.9386816422144573	1.0	0
684	1044.543836593628	2.045106633504232	1.0	0
685	1045.705864906311	2.151201287905375	1.0	0
686	1046.936951160431	1.9851722876230875	1.0	0
687	1048.1468589305878	2.009245586395264	1.0	0
688	1049.3812251091003	1.98898340066274	1.0	0
689	1050.6509809494019	2.070261025428772	1.0	0
690	1051.8739964962006	1.961425987879435	1.0	0
691	1053.0606400966644	1.9592660188674929	1.0	0
692	1054.2816841602325	1.8966560204823808	1.0	0
693	1055.474574804306	1.8896413723627727	1.0	0
694	1056.7074615955353	1.8465083440144854	1.0	0
695	1057.8524553775787	1.9263680775960288	1.0	24.3400%
696	1061.803656578064	1.9170998334884646	1.0	23.3200%
697	1065.7648451328278	1.906238881746928	1.0	22.0800%
698	1069.738528728485	2.06778306166331	1.0	22.3300%
699	1073.7465240955353	2.0492428302764893	1.0	19.1200%
700	1077.7410206794739	2.093449401855469	1.0	0
701	1078.9269025325775	1.945149238904317	1.0	0
702	1080.1376869678497	1.998617442448934	1.0	0
703	1081.3273482322693	1.978269171714783	1.0	0
704	1082.5903453826904	1.9127918720245365	1.0	0
705	1083.7733194828033	1.9400397300720216	1.0	0
706	1084.9422504901886	2.0705862283706664	1.0	0
707	1086.1746780872345	1.9783424536387124	1.0	0
708	1087.3703527450562	1.9289467334747312	1.0	0
709	1088.5995559692383	1.9206642548243207	1.0	0
710	1089.8493654727936	1.9216277678807574	1.0	0
711	1091.1440134048462	1.933272870381673	1.0	0
712	1092.3855493068695	2.0827873150507608	1.0	0
713	1093.6006348133087	1.9116156101226804	1.0	0
714	1094.8122687339783	1.9505324761072795	1.0	0
715	1096.0499713420868	2.0835481643676754	1.0	0
716	1097.2740440368652	1.9037314097086588	1.0	0
717	1098.4868757724762	1.919340761502584	1.0	0
718	1099.6646268367767	1.977638745307922	1.0	0
719	1100.8474516868591	1.8601083358128863	1.0	0
720	1102.0428614616394	1.9266195853551231	1.0	0
721	1103.2805333137512	2.038183561960856	1.0	0
722	1104.4851508140564	1.8390329122543334	1.0	0
723	1105.6770632266998	1.966747299830119	1.0	0
724	1106.8955285549164	1.9075603326161699	1.0	0
725	1108.1175916194916	2.026887893676758	1.0	0
726	1109.3221607208252	2.041158946355184	1.0	0
727	1110.4953382015228	2.0127628803253175	1.0	0
728	1111.689567565918	1.898183576265971	1.0	0
729	1112.8993821144104	1.7166998306910195	1.0	0
730	1114.0665309429169	1.7927764813105265	1.0	0
731	1115.2899198532104	2.030050388971965	1.0	0
732	1116.5623886585236	1.980067729949951	1.0	0
733	1117.7723717689514	2.074966843922933	1.0	0
734	1118.9663569927216	2.0612959623336793	1.0	0
735	1120.182574748993	2.0340228239695235	1.0	0
736	1121.3818492889404	1.9556271870930988	1.0	0
737	1122.6386532783508	1.9523144483566282	1.0	0
738	1123.8071913719177	1.9958387374877926	1.0	0
739	1124.9433085918427	2.016444691022237	1.0	0
740	1126.1512620449066	1.8719475666681922	1.0	0
741	1127.360131263733	1.755432891845703	1.0	0
742	1128.5519375801086	1.909626086552938	1.0	0
743	1129.7119143009186	1.977721651395162	1.0	0
744	1130.9301385879517	1.864698020617167	1.0	0
745	1132.1403040885925	1.8474445184071855	1.0	18.6900%
746	1136.1282706260681	2.0607851505279537	1.0	21.7300%
747	1140.0997340679169	2.066795802116394	1.0	22.2200%
748	1144.0556230545044	1.952441143989563	1.0	26.5900%
749	1148.0525107383728	1.9367788632710774	1.0	22.9800%
750	1152.0131607055664	1.8764764308929442	1.0	0
751	1153.181489944458	1.9195983330408732	1.0	0
752	1154.3800461292267	2.0222400506337483	1.0	0
753	1155.5526032447815	1.9976937770843506	1.0	0
754	1156.7360348701477	1.9359265247980757	1.0	0
755	1157.9426455497742	1.9375196456909176	1.0	0
756	1159.153706073761	1.853712813059489	1.0	0
757	1160.3920290470123	1.807920630772909	1.0	0
758	1161.5659716129303	1.8905847469965615	1.0	0
759	1162.7979454994202	2.0266954978307092	1.0	0
760	1163.9824171066284	2.3001334667205815	1.0	0
761	1165.1677942276	2.088594214121501	1.0	0
762	1166.4041590690613	1.874681599934896	1.0	0
763	1167.6441812515259	1.9167556603749591	1.0	0
764	1168.8389654159546	1.8701032161712645	1.0	0
765	1170.087991476059	1.8796236515045166	1.0	0
766	1171.283989906311	1.9562724113464356	1.0	0
767	1172.478117465973	1.834963297843933	1.0	0
768	1173.6511089801788	1.9121498584747314	1.0	0
769	1174.8787095546722	1.965931963920593	1.0	0
770	1176.083965063095	2.0296760320663454	1.0	0
771	1177.281798839569	1.8795484066009522	1.0	0
772	1178.5177054405212	1.9036151091257731	1.0	0
773	1179.7505221366882	1.9815865675608317	1.0	0
774	1180.9930520057678	2.0619809786478673	1.0	0
775	1182.2020409107208	1.9247846603393555	1.0	0
776	1183.462294101715	1.9514845371246337	1.0	0
777	1184.6686108112335	1.7843449910481772	1.0	0
778	1185.88804769516	1.8968106428782145	1.0	0
779	1187.0663084983826	1.9831507682800291	1.0	0
780	1188.2391743659973	2.076641082763672	1.0	0
781	1191.594108581543	2.095963493982951	1.0	0
782	1192.8012096881866	1.9688193718592328	1.0	0
783	1194.048457622528	1.919366709391276	1.0	0
784	1195.1871674060822	1.724538111686707	1.0	0
785	1196.4037852287292	1.9506648619969686	1.0	0
786	1197.544683933258	2.0187996784845983	1.0	0
787	1198.743158340454	1.8565503358840942	1.0	0
788	1199.9555497169495	1.9310978889465336	1.0	0
789	1201.1141428947449	1.8899731636047366	1.0	0
790	1202.3259861469269	1.9365571339925134	1.0	0
791	1203.4161772727966	1.9169134060541788	1.0	0
792	1204.6557507514954	1.9652406613032023	1.0	0
793	1205.8802816867828	1.8127575715382893	1.0	0
794	1207.0559833049774	1.8771987358729045	1.0	0
795	1208.2543637752533	1.930640697479248	1.0	24.6900%
796	1212.260022163391	1.9811076084772747	1.0	24.2800%
797	1216.2163722515106	1.9904683828353882	1.0	27.4800%
798	1220.1897163391113	1.8677676359812418	1.0	25.4100%
799	1224.1864821910858	1.88355983098348	1.0	24.2600%
800	1228.2190947532654	1.89205117225647	1.0	0
801	1229.3986780643463	1.9099372466405231	1.0	0
802	1230.593142747879	1.8527690172195435	1.0	0
803	1231.794689655304	1.8442636648813884	1.0	0
804	1233.0422279834747	2.08065292040507	1.0	0
805	1234.23974943161	1.8149257659912106	1.0	0
806	1235.429946899414	1.9894489924112957	1.0	0
807	1236.5975794792175	2.0694527149200437	1.0	0
808	1237.8246307373047	1.8640167156855265	1.0	0
809	1239.0678951740265	1.8690157175064086	1.0	0
810	1240.1825227737427	2.008234659830729	1.0	0
811	1241.341868877411	1.9664069652557372	1.0	0
812	1242.5795488357544	1.8659177382787069	1.0	0
813	1243.7539076805115	1.8765104214350385	1.0	0
814	1244.9587190151215	1.8531920909881594	1.0	0
815	1246.1664044857025	1.8756933689117434	1.0	0
816	1247.3958520889282	1.9554030895233152	1.0	0
817	1248.5979533195496	1.9052665154139201	1.0	0
818	1249.8214094638824	1.935629296302796	1.0	0
819	1250.91326212883	1.9456529060999554	1.0	0
820	1252.124273300171	1.8458528916041055	1.0	0
821	1253.2670094966888	2.0101622581481933	1.0	0
822	1254.4044289588928	1.930140892664591	1.0	0
823	1255.6016728878021	2.1433902661005653	1.0	0
824	1256.778896331787	2.083007725079854	1.0	0
825	1257.9344255924225	1.9229870478312177	1.0	0
826	1259.150949716568	1.81596626440684	1.0	0
827	1260.388803243637	1.8322843631108603	1.0	0
828	1261.5277111530304	1.7739732265472417	1.0	0
829	1262.7069067955017	1.96558043162028	1.0	0
830	1263.8843712806702	1.8743131558100383	1.0	0
831	1265.1471018791199	1.92880752881368	1.0	0
832	1266.3370339870453	1.948747412363688	1.0	0
833	1267.56081366539	1.8552840312321979	1.0	0
834	1268.71124792099	1.9035383621851605	1.0	0
835	1269.932406425476	1.9547791957855225	1.0	0
836	1271.0925483703613	1.9633065700531007	1.0	0
837	1272.3810105323792	1.7932212988535563	1.0	0
838	1273.5929355621338	1.942551358540853	1.0	0
839	1274.8027830123901	1.8770896593729653	1.0	0
840	1275.9841701984406	1.906801168123881	1.0	0
841	1277.1511318683624	1.8856423457463583	1.0	0
842	1278.3498404026031	1.7750846544901533	1.0	0
843	1279.6043028831482	1.8455125490824384	1.0	0
844	1280.7950701713562	1.7765712658564248	1.0	0
845	1282.0283033847809	1.8661418835322063	1.0	24.7700%
846	1286.0694553852081	1.8006553570429484	1.0	27.0800%
847	1290.0456495285034	1.9528334140777583	1.0	25.3600%
848	1294.0423166751862	1.7204926649729413	1.0	24.8700%
849	1298.0682106018066	1.7795902808507282	1.0	28.7000%
850	1302.045058965683	1.8952370723088583	1.0	0
851	1303.258549451828	1.8720246473948159	1.0	0
852	1304.397295475006	1.8432750622431435	1.0	0
853	1305.5512471199036	2.0105390707651773	1.0	0
854	1306.771003961563	1.7517596960067747	1.0	0
855	1307.9587602615356	1.848703662554423	1.0	0
856	1309.1865425109863	1.7739229361216227	1.0	0
857	1310.3662445545197	1.8874656597773232	1.0	0
858	1311.509024143219	1.882136829694112	1.0	0
859	1312.7125730514526	1.6666683197021483	1.0	0
860	1313.8746633529663	1.8383808056513467	1.0	0
861	1315.1257257461548	1.9088395833969116	1.0	0
862	1316.3340306282043	1.8515413840611776	1.0	0
863	1317.5421199798584	1.7582944631576536	1.0	0
864	1318.7690289020538	1.8431221485137939	1.0	0
865	1319.9548244476318	1.8306671619415285	1.0	0
866	1321.1835098266602	1.8668268203735348	1.0	0
867	1322.3410141468048	1.8608684142430625	1.0	0
868	1323.5071671009064	1.8209012349446616	1.0	0
869	1324.6934368610382	1.7673808256785073	1.0	0
870	1325.8336720466614	1.9660031318664548	1.0	0
871	1327.064774274826	2.0175229708353677	1.0	0
872	1328.214028120041	2.0569700797398887	1.0	0
873	1329.4160149097443	1.8634319702784223	1.0	0
874	1330.5820653438568	1.7751129547754922	1.0	0
875	1331.7428975105286	1.8913145621617633	1.0	0
876	1332.958088874817	1.8971686045328777	1.0	0
877	1334.19890499115	1.9743213653564453	1.0	0
878	1335.3788380622864	1.8381319284439088	1.0	0
879	1336.569032907486	1.720548677444458	1.0	0
880	1337.6987655162811	1.8349671363830566	1.0	0
881	1338.898282289505	1.9551331361134845	1.0	0
882	1340.0915637016296	1.7670490821202596	1.0	0
883	1341.2913994789124	1.7716785510381063	1.0	0
884	1342.435797214508	1.8585498968760172	1.0	0
885	1343.6536223888397	1.8016622861226401	1.0	0
886	1344.8122255802155	1.9031286080678307	1.0	0
887	1346.0028648376465	1.8500070333480836	1.0	0
888	1347.1905841827393	1.7935810804367067	1.0	0
889	1348.4540882110596	1.721007418632507	1.0	0
890	1349.6049604415894	2.008129731814067	1.0	0
891	1350.7719824314117	1.924422311782837	1.0	0
892	1351.9141936302185	2.036261049906413	1.0	0
893	1353.1227083206177	2.0208685557047525	1.0	0
894	1354.3798043727875	1.8916074673334757	1.0	0
895	1355.5808353424072	1.7880695899327597	1.0	27.1600%
896	1359.5611958503723	1.8609404563903809	1.0	28.4800%
897	1363.5541107654572	1.6909183343251546	1.0	29.0500%
898	1367.480448961258	1.873571832974752	1.0	23.4900%
899	1371.445274591446	1.9784578959147137	1.0	22.2000%
900	1375.403864622116	1.9934188842773437	1.0	0
901	1376.5413584709167	1.9354903459548953	1.0	0
902	1377.7129640579224	1.9958102862040201	1.0	0
903	1378.8897047042847	1.9163151820500695	1.0	0
904	1380.0509510040283	1.8918313741683959	1.0	0
905	1381.2679316997528	1.8624327818552655	1.0	0
906	1382.4574813842773	1.8474489053090413	1.0	0
907	1383.7258698940277	1.8806102991104123	1.0	0
908	1384.876305103302	1.802978754043579	1.0	0
909	1386.1036493778229	1.907696008682251	1.0	0
910	1387.25195479393	1.8468532482782996	1.0	0
911	1388.4175913333893	1.949983723958333	1.0	0
912	1389.5681352615356	2.0384427229563395	1.0	0
913	1390.7676458358765	1.9953058401743569	1.0	0
914	1391.9659287929535	2.070611055692037	1.0	0
915	1393.1403987407684	1.8125306924184161	1.0	0
916	1394.2941477298737	1.9134946743647259	1.0	0
917	1395.493038892746	1.7686992247899376	1.0	0
918	1396.6332411766052	1.770063543319702	1.0	0
919	1397.8722639083862	1.8285891373952228	1.0	0
920	1399.012856721878	1.8250968297322592	1.0	0
921	1400.2068841457367	1.8142791191736858	1.0	0
922	1401.3578960895538	1.8936357021331787	1.0	0
923	1402.5297753810883	1.8341573715209958	1.0	0
924	1403.7109417915344	1.8010692119598386	1.0	0
925	1404.8806567192078	1.8697957277297972	1.0	0
926	1406.0417540073395	1.8463185310363774	1.0	0
927	1407.1804518699646	1.8041616916656495	1.0	0
928	1408.3989641666412	1.7731935183207193	1.0	0
929	1409.5748627185822	1.770490272839864	1.0	0
930	1410.7853679656982	1.7955873648325604	1.0	0
931	1411.956142425537	1.880715608596802	1.0	0
932	1413.0800006389618	2.3184858083724977	1.0	0
933	1414.244057416916	1.9502965529759726	1.0	0
934	1415.3940660953522	1.7998839934666953	1.0	0
935	1416.632508277893	1.9335296789805094	1.0	0
936	1417.8320307731628	1.749683952331543	1.0	0
937	1419.0310864448547	2.0058324257532756	1.0	0
938	1420.1969950199127	1.7469709873199464	1.0	0
939	1421.366665840149	1.7907855431238813	1.0	0
940	1422.5541307926178	2.0318881829579674	1.0	0
941	1423.7133815288544	1.9374739329020183	1.0	0
942	1424.9271185398102	1.7172549962997437	1.0	0
943	1426.0859713554382	1.8478632767995196	1.0	0
944	1427.2751288414001	1.8712194124857586	1.0	0
945	1428.4807250499725	1.8195388078689576	1.0	22.9800%
946	1432.4912724494934	1.9317236979802448	1.0	24.5500%
947	1436.4571397304535	1.9188530683517455	1.0	24.5800%
948	1440.4071652889252	2.0373789946238197	1.0	28.2800%
949	1444.4437730312347	1.8752114852269492	1.0	29.8200%
950	1448.3380830287933	1.8071917772293091	1.0	0
951	1449.5379734039307	1.7755187749862669	1.0	0
952	1450.699774980545	1.6804310242335003	1.0	0
953	1451.8469412326813	1.990372109413147	1.0	0
954	1453.0343899726868	2.0278861045837404	1.0	0
955	1454.237476825714	1.9755123853683472	1.0	0
956	1455.4456372261047	1.8390330314636232	1.0	0
957	1456.5961124897003	1.883170016606649	1.0	0
958	1457.793884754181	2.0285016775131224	1.0	0
959	1458.975459575653	2.050955923398335	1.0	0
960	1460.1501204967499	1.9385369221369426	1.0	0
961	1461.346971988678	1.7668194770812988	1.0	0
962	1462.4931695461273	1.8509012778600056	1.0	0
963	1463.636165857315	1.7374204635620114	1.0	0
964	1464.8010022640228	1.8004814942677814	1.0	0
965	1466.0020506381989	1.9302561124165853	1.0	0
966	1467.1440124511719	1.7815466245015463	1.0	0
967	1468.3165383338928	1.86218892733256	1.0	0
968	1469.524580001831	1.9517410198847451	1.0	0
969	1470.6919298171997	1.9548785765965777	1.0	0
970	1471.8848593235016	1.8855320453643798	1.0	0
971	1473.0263681411743	1.921146726608276	1.0	0
972	1474.2243347167969	1.8369439681371054	1.0	0
973	1475.4262511730194	1.8487797339757281	1.0	0
974	1476.586144208908	1.79056601524353	1.0	0
975	1477.7467637062073	1.86229985555013	1.0	0
976	1478.946042060852	1.7449151118596395	1.0	0
977	1480.1832518577576	1.8064128160476687	1.0	0
978	1481.4361991882324	1.916114330291748	1.0	0
979	1482.5963480472565	1.8081626017888388	1.0	0
980	1483.7778763771057	1.8157527526219686	1.0	0
981	1484.9408543109894	1.92156191666921	1.0	0
982	1486.1102845668793	1.7255940437316895	1.0	0
983	1487.3454356193542	1.8957009156545002	1.0	0
984	1488.4608223438263	1.9132608493169148	1.0	0
985	1489.6401364803314	1.9668058315912884	1.0	0
986	1492.856537103653	1.771699547767639	1.0	0
987	1494.0320188999176	1.7865614573160806	1.0	0
988	1495.1904211044312	1.8185823043187457	1.0	0
989	1496.3608984947205	1.8950511455535888	1.0	0
990	1497.4736511707306	1.8278262853622436	1.0	0
991	1498.684978723526	1.7661890506744384	1.0	0
992	1499.8557863235474	1.85707950592041	1.0	0
993	1501.0041518211365	1.9514778931935628	1.0	0
994	1502.242359161377	1.7964595476786294	1.0	0
995	1503.3583090305328	1.9000831604003905	1.0	31.6600%
996	1507.3754348754883	1.7015197753906248	1.0	26.2800%
997	1511.3448550701141	1.994813823699951	1.0	21.7600%
998	1515.2690749168396	2.1280218839645384	1.0	21.9100%
999	1519.1850864887238	1.945134615898132	1.0	28.8700%
1000	1523.1031727790833	1.8862653414408368	1.0	0
1001	1524.2871992588043	1.7946927626927693	1.0	0
1002	1525.4836831092834	1.7492257436116536	1.0	0
1003	1526.60000872612	1.962501041094462	1.0	0
1004	1527.7760083675385	1.887987224260966	1.0	0
1005	1528.9071719646454	1.920519812901815	1.0	0
1006	1530.0407857894897	1.7564120292663574	1.0	0
1007	1531.2099401950836	1.9273871819178265	1.0	0
1008	1532.3359785079956	1.8661669890085855	1.0	0
1009	1533.5438210964203	1.8276113748550418	1.0	0
1010	1534.7268385887146	1.6909004449844363	1.0	0
1011	1535.9279930591583	1.81665043036143	1.0	0
1012	1537.0943403244019	1.8428713560104368	1.0	0
1013	1538.175369501114	2.001732095082601	1.0	0
1014	1539.375967502594	1.9684074004491174	1.0	0
1015	1540.52077460289	1.8219606161117552	1.0	0
1016	1541.735202074051	1.8692021608352662	1.0	0
1017	1542.9598634243011	1.8870857397715248	1.0	0
1018	1544.1370913982391	1.9560665766398113	1.0	0
1019	1545.2698409557343	1.7554409662882486	1.0	0
1020	1546.4744963645935	1.7688996156056722	1.0	0
1021	1547.6465582847595	1.7366641998291017	1.0	0
1022	1548.8174023628235	1.6996130307515462	1.0	0
1023	1549.958342075348	1.7639750480651852	1.0	0
1024	1551.1615824699402	1.913137706120809	1.0	0
1025	1552.3327267169952	1.9668468475341794	1.0	0
1026	1553.5235443115234	1.745406993230184	1.0	0
1027	1554.7201538085938	1.8864495436350501	1.0	0
1028	1555.8843982219696	1.9603413184483847	1.0	0
1029	1557.1030259132385	1.7850513140360513	1.0	0
1030	1558.2821168899536	1.753649926185608	1.0	0
1031	1559.5012991428375	1.8077476739883425	1.0	0
1032	1560.7122025489807	1.8322095592816672	1.0	0
1033	1561.87681722641	1.8491161187489826	1.0	0
1034	1563.0576310157776	1.8613985697428388	1.0	0
1035	1564.1928815841675	1.703411118189494	1.0	0
1036	1565.32031416893	1.804073603947957	1.0	0
1037	1566.497726202011	1.8458524703979493	1.0	0
1038	1567.6532106399536	1.854919179280599	1.0	0
1039	1568.7886533737183	1.6665858666102091	1.0	0
1040	1569.95148229599	1.6443370501200358	1.0	0
1041	1571.1101610660553	1.754992667833964	1.0	0
1042	1572.3291246891022	1.7852712154388426	1.0	0
1043	1573.5103752613068	1.8164690494537354	1.0	0
1044	1574.680701971054	1.7861513773600262	1.0	0
1045	1575.8192088603973	1.8894412120183308	1.0	21.8100%
1046	1579.7593066692352	1.8875516096750893	1.0	29.7800%
1047	1583.6572782993317	1.892007827758789	1.0	29.4600%
1048	1587.666615486145	1.738261950016022	1.0	29.9400%
1049	1591.6525857448578	1.8956732114156087	1.0	29.3200%
1050	1595.5730769634247	1.9338770071665448	1.0	0
1051	1596.804055929184	1.9724574327468873	1.0	0
1052	1597.9716820716858	1.7962812105814614	1.0	0
1053	1599.1802897453308	1.5853960355122882	1.0	0
1054	1600.3743550777435	1.812469458580017	1.0	0
1055	1601.5663347244263	1.7189196546872458	1.0	0
1056	1602.7529952526093	1.8370671351750691	1.0	0
1057	1603.9513499736786	1.8978881518046058	1.0	0
1058	1605.143982887268	1.910164674123128	1.0	0
1059	1606.3868470191956	1.77418851852417	1.0	0
1060	1607.5857000350952	1.6488731543223065	1.0	0
1061	1608.7392687797546	1.7558697859446208	1.0	0
1062	1609.9550833702087	1.8032019376754762	1.0	0
1063	1611.1456544399261	1.7329979181289674	1.0	0
1064	1612.3286378383636	1.8232442855834963	1.0	0
1065	1613.4781172275543	1.7144697666168212	1.0	0
1066	1614.711011171341	1.7124497731526696	1.0	0
1067	1615.8698344230652	1.5928737481435138	1.0	0
1068	1617.0308809280396	1.7945590257644652	1.0	0
1069	1618.198884487152	2.1396814982096357	1.0	0
1070	1619.3825960159302	1.9596450885136918	1.0	0
1071	1620.5063960552216	1.8927983283996581	1.0	0
1072	1621.6368696689606	1.9791817188262941	1.0	0
1073	1622.7628901004791	1.7745019753774007	1.0	0
1074	1623.9439430236816	1.7784029801686605	1.0	0
1075	1625.1466920375824	1.8048679987589518	1.0	0
1076	1626.3060312271118	1.780235687891642	1.0	0
1077	1627.4994869232178	1.725394058227539	1.0	0
1078	1628.6834604740143	1.811817034085592	1.0	0
1079	1629.9122121334076	1.815349268913269	1.0	0
1080	1631.0779535770416	1.8586975177129108	1.0	0
1081	1632.239289522171	1.8700668176015216	1.0	0
1082	1633.4388859272003	1.700704002380371	1.0	0
1083	1634.6485679149628	1.7643654187520346	1.0	0
1084	1635.791906118393	1.8436986366907753	1.0	0
1085	1636.9741361141205	1.8055973370869953	1.0	0
1086	1638.1069910526276	1.7280399719874064	1.0	0
1087	1639.2311205863953	2.0472045024236043	1.0	0
1088	1640.3719387054443	2.356192318598429	1.0	0
1089	1641.5164840221405	2.2054753700892133	1.0	0
1090	1642.6758410930634	1.8463126977284752	1.0	0
1091	1643.8453238010406	1.7270323753356933	1.0	0
1092	1645.0362100601196	1.6285115480422974	1.0	0
1093	1646.2158753871918	1.721137849489848	1.0	0
1094	1647.398060798645	1.7614495277404787	1.0	0
1095	1648.5816614627838	1.8721160173416131	1.0	30.1900%
1096	1652.6545219421387	1.9398149808247886	1.0	25.3800%
1097	1656.5403487682343	1.9396318912506105	1.0	24.2600%
1098	1660.4941363334656	2.0643932183583575	1.0	25.8800%
1099	1664.4324102401733	2.0949870268503825	1.0	25.0700%
1100	1668.3912374973297	1.999349784851074	1.0	0
1101	1669.5910530090332	1.837681873639425	1.0	0
1102	1670.7201166152954	1.6833611329396563	1.0	0
1103	1671.8796491622925	1.7220736900965374	1.0	0
1104	1673.0560784339905	1.6392514387766521	1.0	0
1105	1674.2172055244446	1.653153642018636	1.0	0
1106	1675.466270685196	1.7314998308817546	1.0	0
1107	1676.6665189266205	1.74855322043101	1.0	0
1108	1677.7976834774017	1.8786470174789427	1.0	0
1109	1678.9786167144775	1.72799604733785	1.0	0
1110	1680.1550755500793	1.6760946273803712	1.0	0
1111	1681.304489850998	1.8480522950490315	1.0	0
1112	1682.50111079216	1.8983466466267902	1.0	0
1113	1683.6888403892517	1.78927313486735	1.0	0
1114	1684.8174653053284	1.780100202560425	1.0	0
1115	1686.031037569046	1.7771513700485229	1.0	0
1116	1687.2166378498077	1.9028226375579833	1.0	0
1117	1688.3523223400116	1.725789856910705	1.0	0
1118	1689.514747619629	1.6608289877573648	1.0	0
1119	1690.6903247833252	1.712590440114339	1.0	0
1120	1691.8728249073029	1.8597532749176025	1.0	0
1121	1693.0584814548492	1.8821063041687012	1.0	0
1122	1694.2292666435242	1.849664584795634	1.0	0
1123	1695.3813574314117	1.6329298734664917	1.0	0
1124	1696.5416376590729	1.854884163538615	1.0	0
1125	1697.705701828003	1.5629895329475405	1.0	0
1126	1698.8410272598267	1.7712633927663164	1.0	0
1127	1699.963764667511	1.7306715408960978	1.0	0
1128	1701.1699414253235	1.9018401225407917	1.0	0
1129	1702.3559651374817	1.8570176680882775	1.0	0
1130	1703.5070774555206	1.5301190376281737	1.0	0
1131	1704.6986248493195	1.6871133565902712	1.0	0
1132	1705.8941848278046	1.7155717293421429	1.0	0
1133	1707.088384628296	1.859117364883423	1.0	0
1134	1708.243344783783	1.9366968234380084	1.0	0
1135	1709.4185650348663	1.6806469678878786	1.0	0
1136	1710.5688636302948	1.792685047785441	1.0	0
1137	1711.7369346618652	1.9169632514317834	1.0	0
1138	1712.8967957496643	1.8401175737380984	1.0	0
1139	1714.058130979538	1.698746379216512	1.0	0
1140	1715.2518000602722	1.7164666255315144	1.0	0
1141	1716.419028043747	1.761772696177165	1.0	0
1142	1717.6173231601715	1.9352074305216473	1.0	0
1143	1718.7617666721344	1.9779503742853801	1.0	0
1144	1719.9304358959198	1.8709657589594524	1.0	0
1145	1721.0883181095123	1.7575392246246337	1.0	35.1100%
1146	1725.0464210510254	1.5967988808949787	1.0	32.6000%
1147	1728.976768732071	1.709944947560628	1.0	30.9200%
1148	1732.8832840919495	1.7444323619206745	1.0	23.5800%
1149	1736.8633165359497	2.0139705737431846	1.0	25.7900%
1150	1740.712950706482	2.077671241760254	1.0	0
1151	1741.9039099216461	2.0233017603556314	1.0	0
1152	1743.1187303066254	1.9792324781417845	1.0	0
1153	1744.2788534164429	1.7739287614822385	1.0	0
1154	1745.4322819709778	1.820117433865865	1.0	0
1155	1746.6550178527832	1.7136707862218221	1.0	0
1156	1747.77947306633	1.6173137664794923	1.0	0
1157	1748.953043937683	1.8156120618184408	1.0	0
1158	1750.1210708618164	1.7006963094075522	1.0	0
1159	1751.365671634674	1.8785775899887087	1.0	0
1160	1752.4308123588562	1.9041769663492838	1.0	0
1161	1753.549563407898	1.8280084053675334	1.0	0
1162	1754.7280464172363	1.8620235919952395	1.0	0
1163	1755.8984518051147	1.7193668882052104	1.0	0
1164	1757.05566740036	1.6931412140528361	1.0	0
1165	1758.189172744751	1.6279263257980345	1.0	0
1166	1759.337486743927	1.8556612491607665	1.0	0
1167	1760.5600686073303	2.057132307688395	1.0	0
1168	1761.6906423568726	1.9622164328893021	1.0	0
1169	1762.8588316440582	1.9446567535400392	1.0	0
1170	1763.9933986663818	1.6862115462621055	1.0	0
1171	1765.1405701637268	1.992947141329447	1.0	0
1172	1766.3139419555664	1.893499787648519	1.0	0
1173	1767.514980316162	1.738752802213033	1.0	0
1174	1768.7164721488953	1.6903293212254842	1.0	0
1175	1769.869916677475	1.7507891019185384	1.0	0
1176	1770.9900934696198	1.9657951911290485	1.0	0
1177	1772.215209722519	1.693043041229248	1.0	0
1178	1773.449781179428	1.677076737085978	1.0	0
1179	1774.5978274345398	1.7986039559046425	1.0	0
1180	1775.7553086280823	1.8979450623194374	1.0	0
1181	1776.8912918567657	1.5902056217193603	1.0	0
1182	1778.0512602329254	1.7292139768600463	1.0	0
1183	1779.1782670021057	1.9548525094985962	1.0	0
1184	1780.3647239208221	1.696069367726644	1.0	0
1185	1781.5694189071655	1.8676743586858118	1.0	0
1186	1782.709832906723	1.8677568435668945	1.0	0
1187	1783.8609867095947	1.5893209218978883	1.0	0
1188	1784.9463067054749	1.8169805765151978	1.0	0
1189	1786.1679785251617	1.7576693137486776	1.0	0
1190	1787.3316354751587	1.6116858243942263	1.0	0
1191	1788.5315690040588	1.9349836746851603	1.0	0
1192	1789.685539007187	1.887402812639872	1.0	0
1193	1790.659541130066	1.9827467203140259	1.0	0
1194	1792.5625462532043	2.1482602675755818	1.0	0
1195	1793.6979072093964	1.8768370787302653	1.0	31.3300%
1196	1797.604350566864	1.746489381790161	1.0	26.4900%
1197	1801.5590028762817	1.9959409236907957	1.0	30.3600%
1198	1805.46355342865	1.7890198151270549	1.0	31.1600%
1199	1809.4006190299988	1.7821865558624268	1.0	32.6300%
1200	1813.3065104484558	1.7161610523859658	1.0	0
1201	1814.4868686199188	1.7167520602544148	1.0	0
1202	1815.6695172786713	1.5547250390052796	1.0	0
1203	1816.8560090065002	2.0072248617808026	1.0	0
1204	1818.0629677772522	1.9750344276428224	1.0	0
1205	1819.17533826828	1.8655270814895633	1.0	0
1206	1820.3838062286377	1.8418509165445967	1.0	0
1207	1821.5672845840454	1.6888522783915203	1.0	0
1208	1822.7730853557587	1.745431661605835	1.0	0
1209	1823.9219806194305	1.826263689994812	1.0	0
1210	1825.0848770141602	1.738617014884949	1.0	0
1211	1826.2733793258667	1.7168756445248923	1.0	0
1212	1827.4457159042358	1.6677680333455402	1.0	0
1213	1828.5988483428955	1.8968212604522703	1.0	0
1214	1829.780827999115	1.7119513909022015	1.0	0
1215	1830.9516971111298	1.65212873617808	1.0	0
1216	1832.1399202346802	1.693515984217326	1.0	0
1217	1833.3296556472778	1.8760547637939453	1.0	0
1218	1834.514010667801	1.8349283933639526	1.0	0
1219	1835.6929183006287	1.6979410012563068	1.0	0
1220	1836.8526611328125	1.6545327266057333	1.0	0
1221	1838.0307321548462	1.6715688943862914	1.0	0
1222	1839.209758758545	1.695788315931956	1.0	0
1223	1840.400729417801	1.7387943744659424	1.0	0
1224	1841.5481894016266	1.7548453172047933	1.0	0
1225	1842.6682343482971	1.6610813856124877	1.0	0
1226	1843.860889673233	1.7562623659769696	1.0	0
1227	1845.0796830654144	1.4724009434382122	1.0	0
1228	1846.2398874759674	1.5941237767537433	1.0	0
1229	1847.457855939865	1.7254711469014488	1.0	0
1230	1848.6388976573944	2.05122545560201	1.0	0
1231	1849.7895245552063	2.0904018481572466	1.0	0
1232	1850.9179368019104	1.724544342358907	1.0	0
1233	1852.0990760326385	1.8152779420216878	1.0	0
1234	1853.2831857204437	1.790334908167521	1.0	0
1235	1854.4810214042664	1.6289097309112552	1.0	0
1236	1855.6502888202667	1.6398346900939942	1.0	0
1237	1856.8487360477448	1.9314681688944502	1.0	0
1238	1858.0604326725006	1.879389508565267	1.0	0
1239	1859.1818969249725	1.7840182940165201	1.0	0
1240	1860.3985707759857	1.7772371610005697	1.0	0
1241	1861.561931848526	1.867505733172099	1.0	0
1242	1862.747148990631	1.678429969151815	1.0	0
1243	1863.8618686199188	1.6649257262547812	1.0	0
1244	1865.0469245910645	1.6913075367609658	1.0	0
1245	1866.1966223716736	1.7813777526219685	1.0	31.4900%
1246	1870.1881897449493	1.826996990044912	1.0	29.0800%
1247	1874.1386423110962	2.006573629379272	1.0	26.4400%
1248	1878.0459094047546	2.0473162412643435	1.0	30.3200%
1249	1881.9267411231995	1.657980477809906	1.0	31.3500%
1250	1885.8081793785095	1.7550957679748533	1.0	0
1251	1887.070086479187	1.730333423614502	1.0	0
1252	1888.2198328971863	1.6835787137349447	1.0	0
1253	1889.3584351539612	1.6900005420049033	1.0	0
1254	1890.4822940826416	1.79704000155131	1.0	0
1255	1891.650698184967	1.6786819616953534	1.0	0
1256	1892.839434146881	1.7328215519587198	1.0	0
1257	1894.0257534980774	1.7151827891667684	1.0	0
1258	1895.196795463562	1.7754361311594644	1.0	0
1259	1896.3895099163055	1.970679497718811	1.0	0
1260	1897.4970152378082	1.7455019235610962	1.0	0
1261	1898.6129066944122	1.7606088002522786	1.0	0
1262	1899.8192055225372	1.7958954652150474	1.0	0
1263	1900.983113527298	1.677743204434713	1.0	0
1264	1902.0903754234314	1.7841089566548665	1.0	0
1265	1903.273414850235	1.7221582372983297	1.0	0
1266	1904.4543187618256	1.726190749804179	1.0	0
1267	1905.6179327964783	1.7154645363489787	1.0	0
1268	1906.7548515796661	1.8429370085398356	1.0	0
1269	1907.8568935394287	1.6353387991587318	1.0	0
1270	1909.0382537841797	1.726007024447123	1.0	0
1271	1910.27388381958	1.594680682818095	1.0	0
1272	1911.465969324112	1.852457769711812	1.0	0
1273	1912.6420760154724	1.4966436624526975	1.0	0
1274	1913.8390626907349	1.8060443957646686	1.0	0
1275	1914.9868018627167	1.694990340868632	1.0	0
1276	1916.1063914299011	1.7702600876490273	1.0	0
1277	1917.2292816638947	1.9336129744847614	1.0	0
1278	1918.3971853256226	1.6419588843981423	1.0	0
1279	1919.5679054260254	1.7511921127637229	1.0	0
1280	1920.738883972168	1.7641804377237955	1.0	0
1281	1921.8369212150574	1.8708830595016481	1.0	0
1282	1923.002899646759	1.6818896134694417	1.0	0
1283	1924.1470923423767	1.6802684545516968	1.0	0
1284	1925.304899930954	1.8520902395248413	1.0	0
1285	1926.4964125156403	1.6996401508649188	1.0	0
1286	1927.6612045764923	1.836791666348775	1.0	0
1287	1928.8637909889221	1.8768150965372725	1.0	0
1288	1930.020625114441	1.662379972139994	1.0	0
1289	1931.2193610668182	1.666461730003357	1.0	0
1290	1932.3908286094666	1.679540340105693	1.0	0
1291	1933.5630640983582	1.72965616385142	1.0	0
1292	1934.70166349411	1.9219304164250692	1.0	0
1293	1935.8209187984467	1.6146538098653156	1.0	0
1294	1936.98721408844	1.7945202112197878	1.0	0
1295	1938.2175164222717	1.685301383336385	1.0	34.5000%
1296	1942.1691088676453	1.6801472504933674	1.0	32.7200%
1297	1946.057681798935	1.7674886385599775	1.0	30.6200%
1298	1950.041042804718	1.8490005970001222	1.0	31.0600%
1299	1953.9249436855316	1.8799983501434325	1.0	32.2700%
1300	1957.8173828125	1.6796004374821982	1.0	0
1301	1958.994092464447	1.7118173599243165	1.0	0
1302	1960.1498172283173	2.02308984597524	1.0	0
1303	1961.3122296333313	2.1584167798360188	1.0	0
1304	1962.4388399124146	2.0227567036946614	1.0	0
1305	1963.6193430423737	1.9647376378377277	1.0	0
1306	1964.806082725525	1.8948245763778688	1.0	0
1307	1965.9515607357025	1.7282053311665857	1.0	0
1308	1967.1259124279022	1.6732230981190996	1.0	0
1309	1968.3339483737946	1.7952285051345822	1.0	0
1310	1969.5079548358917	1.6178094983100892	1.0	0
1311	1970.647133588791	1.890542976061503	1.0	0
1312	1971.8020904064178	1.6114491065343222	1.0	0
1313	1973.0163724422455	1.6280372381210326	1.0	0
1314	1974.203774690628	1.8144107023874918	1.0	0
1315	1975.349734544754	1.708732295036316	1.0	0
1316	1976.511398077011	1.9947316010793052	1.0	0
1317	1977.633028268814	1.645238439242045	1.0	0
1318	1978.7934701442719	1.859405771891276	1.0	0
1319	1979.9832119941711	1.993205197652181	1.0	0
1320	1981.1278364658356	1.9153983592987058	1.0	0
1321	1982.2780520915985	1.8326564868291217	1.0	0
1322	1983.463436126709	1.758908418814341	1.0	0
1323	1984.6916553974152	1.73476893901825	1.0	0
1324	1985.8296749591827	1.826383368174235	1.0	0
1325	1987.0306017398834	1.683175047238668	1.0	0
1326	1988.2082369327545	1.7839678923288984	1.0	0
1327	1989.3100559711456	1.866975716749827	1.0	0
1328	1990.5066912174225	1.7798964262008667	1.0	0
1329	1991.68195104599	1.7831477721532185	1.0	0
1330	1992.8552346229553	1.7733107010523477	1.0	0
1331	1994.0045268535614	1.736310696601868	1.0	0
1332	1995.1838901042938	1.7844159444173178	1.0	0
1333	1996.3656778335571	1.682151714960734	1.0	0
1334	1997.536803483963	1.6391971111297607	1.0	0
1335	1998.7330350875854	1.7716106017430624	1.0	0
1336	1999.9374129772186	1.7499615232149761	1.0	0
1337	2001.1048519611359	2.3887223958969113	1.0	0
1338	2002.2508654594421	1.871651879946391	1.0	0
1339	2003.4250860214233	1.8317595720291138	1.0	0
1340	2004.6006906032562	1.865380859375	1.0	0
1341	2005.7762727737427	1.6616553624471029	1.0	0
1342	2006.9332060813904	1.679530111948649	1.0	0
1343	2008.08287525177	1.6444120009740193	1.0	0
1344	2009.1996631622314	1.664578088124593	1.0	0
1345	2010.3747072219849	1.6533493638038637	1.0	33.7500%
1346	2014.3634350299835	1.933334231376648	1.0	33.5900%
1347	2018.2984461784363	1.7780131419499716	1.0	33.4100%
1348	2022.2551112174988	1.7249950329462689	1.0	37.0200%
1349	2026.1491706371307	1.6882123231887818	1.0	37.2400%
1350	2029.9875588417053	1.7027007261912028	1.0	0
1351	2031.1635344028473	1.6294861793518065	1.0	0
1352	2032.3381898403168	1.835561982790629	1.0	0
1353	2033.500024318695	1.785973842938741	1.0	0
1354	2034.6628608703613	1.6373493035634357	1.0	0
1355	2035.8556439876556	1.686354915301005	1.0	0
1356	2037.0463511943817	1.8994608561197917	1.0	0
1357	2038.2093198299408	1.7908318042755127	1.0	0
1358	2039.3637442588806	1.7219018618265787	1.0	0
1359	2040.5311558246613	1.7922387838363647	1.0	0
1360	2041.6734387874603	1.7493433078130085	1.0	0
1361	2042.8764407634735	1.618849285443624	1.0	0
1362	2044.00430727005	1.6624550660451252	1.0	0
1363	2045.1771051883698	1.6549710035324092	1.0	0
1364	2046.3731133937836	1.6201158046722413	1.0	0
1365	2047.5519864559174	1.7925584077835082	1.0	0
1366	2048.709676027298	1.581233779589335	1.0	0
1367	2049.8948328495026	1.8314503351847335	1.0	0
1368	2051.0865485668182	1.5891825040181478	1.0	0
1369	2052.2478036880493	1.9800898472468058	1.0	0
1370	2053.395302772522	1.889073340098063	1.0	0
1371	2054.5156297683716	1.654880420366923	1.0	0
1372	2055.671873807907	1.7474372943242393	1.0	0
1373	2056.861721277237	1.627075179417928	1.0	0
1374	2058.033229112625	1.723597582181295	1.0	0
1375	2059.206435441971	1.6836076100667319	1.0	0
1376	2060.3941271305084	1.862257369359334	1.0	0
1377	2061.5058336257935	1.7512399911880494	1.0	0
1378	2062.7031049728394	1.7624584317207335	1.0	0
1379	2063.8549275398254	1.7402932484944662	1.0	0
1380	2065.000247478485	1.5576977888743084	1.0	0
1381	2066.211163043976	1.7152175108591716	1.0	0
1382	2067.3415744304657	1.7489561080932616	1.0	0
1383	2068.5196447372437	1.5125524044036864	1.0	0
1384	2069.6712975502014	1.9219629446665447	1.0	0
1385	2070.832519054413	1.6647506554921467	1.0	0
1386	2071.9538650512695	1.756233819325765	1.0	0
1387	2073.1177864074707	1.8875537157058715	1.0	0
1388	2074.3279728889465	1.891906944910685	1.0	0
1389	2075.525741815567	1.7990608930587768	1.0	0
1390	2076.645182132721	1.7260436693827312	1.0	0
1391	2077.8412952423096	1.4224480072657266	1.0	0
1392	2079.0064039230347	1.718114980061849	1.0	0
1393	2080.1888465881348	1.6978321393330893	1.0	0
1394	2081.350825071335	1.691608738899231	1.0	0
1395	2082.494102716446	1.7009312709172566	1.0	36.4400%
1396	2086.380399465561	1.5647263209025066	1.0	35.9000%
1397	2090.3091537952423	1.4927307367324827	1.0	34.4700%
1398	2094.346184015274	1.5436397234598798	1.0	28.2800%
1399	2098.31999540329	1.8589644670486452	1.0	34.8000%
1400	2102.258897781372	1.8396590073903398	1.0	0
1401	2103.387433052063	1.9410899082819617	1.0	0
1402	2104.549008846283	1.8834702253341675	1.0	0
1403	2105.616836309433	1.890813183784485	1.0	0
1404	2106.786952018738	1.7955028057098392	1.0	0
1405	2107.929053068161	1.6926200866699217	1.0	0
1406	2109.109565258026	1.7240991910298666	1.0	0
1407	2110.266960144043	1.564257538318634	1.0	0
1408	2111.411733865738	1.9787949244181315	1.0	0
1409	2112.6005976200104	2.0737427711486816	1.0	0
1410	2113.7547624111176	1.88406830628713	1.0	0
1411	2114.919103384018	1.8104876836140953	1.0	0
1412	2116.0881791114807	1.9169008016586304	1.0	0
1413	2117.228961467743	1.6988378286361694	1.0	0
1414	2118.4378859996796	1.6444747289021813	1.0	0
1415	2119.537553548813	1.8419668912887577	1.0	0
1416	2120.6685037612915	1.669130341211955	1.0	0
1417	2121.8882784843445	1.55161235332489	1.0	0
1418	2123.0384714603424	1.6389526923497522	1.0	0
1419	2124.217302083969	1.9373629331588744	1.0	0
1420	2125.372824907303	1.7170533259709675	1.0	0
1421	2126.5457231998444	1.6481738328933715	1.0	0
1422	2127.7142565250397	1.4790944814682008	1.0	0
1423	2128.9470875263214	1.6705495357513425	1.0	0
1424	2130.1679356098175	1.9231853961944583	1.0	0
1425	2131.385328769684	2.0146292448043823	1.0	0
1426	2132.598128557205	1.7341988563537598	1.0	0
1427	2133.7297582626343	1.8093569596608479	1.0	0
1428	2134.9331698417664	1.6720370451609294	1.0	0
1429	2136.0785591602325	1.8488346894582115	1.0	0
1430	2137.1806976795197	1.7187691529591875	1.0	0
1431	2138.3466584682465	1.5978645563125609	1.0	0
1432	2139.4750344753265	1.688538686434428	1.0	0
1433	2140.6587851047516	1.8243157148361206	1.0	0
1434	2141.8575553894043	1.7436075607935586	1.0	0
1435	2143.0048615932465	1.6335067947705588	1.0	0
1436	2144.183585882187	1.9115587870279944	1.0	0
1437	2145.35222697258	1.798717506726583	1.0	0
1438	2146.5820305347443	1.773368247350057	1.0	0
1439	2147.7875130176544	1.6034293731053668	1.0	0
1440	2148.924179315567	1.7616491556167604	1.0	0
1441	2150.112944841385	1.7899332364400227	1.0	0
1442	2151.265967130661	1.5601955930391946	1.0	0
1443	2152.4411828517914	1.6351331512133283	1.0	0
1444	2153.5922803878784	1.6841629664103188	1.0	0
1445	2154.7098064422607	1.5291377782821653	1.0	38.9500%
1446	2158.6318321228027	1.4933694322903952	1.0	34.1900%
1447	2162.5004694461823	1.9217044194539386	1.0	28.8100%
1448	2166.471304655075	2.0852269808451336	1.0	32.2300%
1449	2170.4323201179504	1.8543907086054485	1.0	33.1400%
1450	2174.388342857361	1.6709449847539268	1.0	0
1451	2175.556579351425	1.515247170130412	1.0	0
1452	2176.7297976017	1.5269816398620606	1.0	0
1453	2177.9285440444946	1.727525488535563	1.0	0
1454	2179.0604457855225	1.7453011035919188	1.0	0
1455	2180.2353353500366	1.6439119497934975	1.0	0
1456	2181.362762451172	1.50051961739858	1.0	0
1457	2182.527360200882	1.8186870137850448	1.0	0
1458	2183.6898922920227	1.99277917544047	1.0	0
1459	2184.8657433986664	1.5897128621737164	1.0	0
1460	2186.02903342247	1.5154733101526898	1.0	0
1461	2187.178239583969	1.8277769009272256	1.0	0
1462	2188.2985496520996	1.574837072690328	1.0	0
1463	2189.423966884613	1.730889221032461	1.0	0
1464	2190.6037578582764	1.9264519294102989	1.0	0
1465	2191.7610414028168	1.6355921069780985	1.0	0
1466	2192.898000240326	1.8158155759175614	1.0	0
1467	2194.108874797821	1.652026434739431	1.0	0
1468	2195.274511575699	1.6462776819864908	1.0	0
1469	2196.380766391754	1.6650898774464926	1.0	0
1470	2197.540986776352	1.6470836917559306	1.0	0
1471	2198.70196390152	1.7488573630650834	1.0	0
1472	2199.8421890735626	1.6928572734196978	1.0	0
1473	2201.0336451530457	1.5858199596405027	1.0	0
1474	2202.1432905197144	1.4632805029551188	1.0	0
1475	2203.34943151474	1.7528873443603517	1.0	0
1476	2204.5353467464447	1.986471994717916	1.0	0
1477	2205.701405286789	2.239975333213806	1.0	0
1478	2206.9070942401886	1.8074298381805418	1.0	0
1479	2208.1181399822235	1.6968481143315632	1.0	0
1480	2209.262851715088	1.6773635943730671	1.0	0
1481	2210.4148547649384	1.6036527196566264	1.0	0
1482	2211.578813791275	1.5820843776067097	1.0	0
1483	2212.6570253372192	1.6308524012565615	1.0	0
1484	2213.7988126277924	1.751691710948944	1.0	0
1485	2214.9571113586426	1.6071892261505127	1.0	0
1486	2216.1174092292786	1.6150241136550902	1.0	0
1487	2217.263488292694	1.706485923131307	1.0	0
1488	2218.4337089061737	1.6229925751686096	1.0	0
1489	2219.6089503765106	1.9246172587076826	1.0	0
1490	2220.735766887665	1.8755260070164999	1.0	0
1491	2221.919709920883	1.5703537782033283	1.0	0
1492	2223.09387755394	1.6255162000656127	1.0	0
1493	2224.213632106781	1.66483686765035	1.0	0
1494	2225.3627507686615	1.7919828017552695	1.0	0
1495	2226.470068216324	1.6512361288070678	1.0	38.3400%
1496	2230.3770139217377	1.621889098485311	1.0	34.7100%
1497	2234.313469648361	1.4542657494544984	1.0	38.0700%
1498	2238.2799954414368	1.7591886917750041	1.0	38.1000%
1499	2242.2126338481903	1.5990723371505737	1.0	39.4600%
1500	2246.1292638778687	1.6511397997538246	1.0	0
1501	2247.3045423030853	1.6367889722188316	1.0	0
1502	2248.488541841507	1.816287676493327	1.0	0
1503	2249.707133293152	1.628694049517314	1.0	0
1504	2250.833307981491	1.820306611061096	1.0	0
1505	2251.9862949848175	1.6799999634424843	1.0	0
1506	2253.1841535568237	1.6825317144393919	1.0	0
1507	2254.3650646209717	1.4979064504305521	1.0	0
1508	2255.564450979233	1.742582070827484	1.0	0
1509	2256.6858282089233	2.1810560544331867	1.0	0
1510	2257.880247116089	2.1841110229492187	1.0	0
1511	2258.9994921684265	1.8889706850051877	1.0	0
1512	2260.238818883896	1.7907621065775554	1.0	0
1513	2261.378655910492	2.6684858242670697	1.0	0
1514	2262.5291912555695	2.329435284932454	1.0	0
1515	2263.6744000911713	2.0756589810053505	1.0	0
1516	2264.8313858509064	2.006998340288798	1.0	0
1517	2266.006623029709	1.8460965077082319	1.0	0
1518	2267.1823885440826	1.9652262131373088	1.0	0
1519	2268.3801143169403	1.9974031766255698	1.0	0
1520	2269.5564193725586	1.764492440223694	1.0	0
1521	2270.696800470352	1.8345070997873942	1.0	0
1522	2271.877753973007	1.79008428255717	1.0	0
1523	2273.100328207016	1.9229455153147381	1.0	0
1524	2274.25963640213	1.7613810459772745	1.0	0
1525	2275.392840862274	1.548941723505656	1.0	0
1526	2276.5785160064697	1.6721679051717124	1.0	0
1527	2277.7208712100983	1.8704600652058918	1.0	0
1528	2278.930921792984	2.070337549845377	1.0	0
1529	2280.0689465999603	2.0803104639053345	1.0	0
1530	2281.2049973011017	1.7752585808436074	1.0	0
1531	2282.4018795490265	1.766397802035014	1.0	0
1532	2283.5670642852783	1.727940503756205	1.0	0
1533	2284.81822681427	1.8925378322601318	1.0	0
1534	2285.9406197071075	1.6102436780929568	1.0	0
1535	2287.1234126091003	1.6758854150772093	1.0	0
1536	2288.3002269268036	1.6898555199305212	1.0	0
1537	2289.5345554351807	1.6437945048014322	1.0	0
1538	2290.7850382328033	1.6521193345387777	1.0	0
1539	2291.9828341007233	1.8582529862721762	1.0	0
1540	2293.1661372184753	1.911625512440999	1.0	0
1541	2294.360493183136	1.6169583717981977	1.0	0
1542	2295.5001072883606	1.6487854361534118	1.0	0
1543	2296.626453399658	1.6778292814890545	1.0	0
1544	2297.826392173767	1.598620541890462	1.0	0
1545	2298.969093322754	1.5201245069503784	1.0	38.8700%
1546	2302.945692062378	1.7013047695159913	1.0	36.4400%
1547	2306.852446079254	1.9045312404632568	1.0	34.2800%
1548	2310.789400100708	1.7088333845138548	1.0	34.5000%
1549	2314.6888511180878	1.6199016292889912	1.0	36.4100%
1550	2318.6160249710083	1.7298361063003542	1.0	0
1551	2319.807247400284	1.727945884068807	1.0	0
1552	2320.9776754379272	1.7936199347178141	1.0	0
1553	2322.1303400993347	1.953394897778829	1.0	0
1554	2323.2948005199432	1.8119016647338864	1.0	0
1555	2324.426352739334	1.7779748439788816	1.0	0
1556	2325.5785627365112	1.6155996958414711	1.0	0
1557	2326.7047662734985	1.8279542128245032	1.0	0
1558	2327.9271228313446	1.6040733933448794	1.0	0
1559	2329.139034986496	1.6131658037503558	1.0	0
1560	2330.237445831299	1.9189708153406775	1.0	0
1561	2331.429057121277	1.7794067700703935	1.0	0
1562	2332.61821436882	1.509900093078613	1.0	0
1563	2333.7819962501526	1.6326476653416953	1.0	0
1564	2334.9127390384674	1.630833911895752	1.0	0
1565	2336.0736906528473	1.5689243634541825	1.0	0
1566	2337.211921453476	1.6220778783162433	1.0	0
1567	2338.379858493805	1.5732999960581462	1.0	0
1568	2339.5737221240997	1.6288338979085286	1.0	0
1569	2340.7396607398987	1.895810556411743	1.0	0
1570	2341.877489089966	1.5325344562530518	1.0	0
1571	2343.0355277061462	1.7328363021214803	1.0	0
1572	2344.184440135956	1.9642880439758301	1.0	0
1573	2345.321707725525	1.638212593396505	1.0	0
1574	2346.4854221343994	1.5761217077573142	1.0	0
1575	2347.7048511505127	1.6068938096364338	1.0	0
1576	2348.9261417388916	1.5623870293299358	1.0	0
1577	2350.0908353328705	1.4993705352147422	1.0	0
1578	2351.277063369751	1.561947520573934	1.0	0
1579	2352.3951292037964	1.7416508873303733	1.0	0
1580	2353.549564599991	1.6214330355326334	1.0	0
1581	2354.7610082626343	1.7166276057561236	1.0	0
1582	2355.9358780384064	1.7440900484720865	1.0	0
1583	2357.107764005661	1.5044865330060322	1.0	0
1584	2358.2615106105804	1.6931145032246908	1.0	0
1585	2359.3832886219025	1.76135675907135	1.0	0
1586	2360.5177664756775	1.7838634570439655	1.0	0
1587	2361.638615846634	1.8096483945846558	1.0	0
1588	2362.834187269211	1.8222397327423099	1.0	0
1589	2364.0156807899475	1.720423952738444	1.0	0
1590	2365.214047908783	1.702285885810852	1.0	0
1591	2366.382073163986	1.6328862269719442	1.0	0
1592	2367.5562410354614	1.716651431719462	1.0	0
1593	2368.728895664215	1.6346583167711892	1.0	0
1594	2369.917007923126	1.5912662347157795	1.0	0
1595	2371.0435285568237	1.4949918508529663	1.0	39.6500%
1596	2374.9827456474304	1.6998795032501222	1.0	35.3700%
1597	2378.9428100585938	1.9935858805974327	1.0	24.1500%
1598	2382.839415073395	2.216073290506999	1.0	31.6000%
1599	2386.7320511341095	1.8271634578704834	1.0	35.8700%
1600	2390.6437728405	1.603460518519084	1.0	0
1601	2391.8112432956696	1.7422576785087585	1.0	0
1602	2392.9918036460876	1.7076776345570879	1.0	0
1603	2394.162495613098	1.62614004611969	1.0	0
1604	2395.2810904979706	1.584462563196818	1.0	0
1605	2396.423355579376	1.8041943550109865	1.0	0
1606	2397.645160675049	1.8701702197392782	1.0	0
1607	2398.7508487701416	1.800576877593994	1.0	0
1608	2399.957963705063	1.5879091103871663	1.0	0
1609	2401.14941573143	1.6732300758361816	1.0	0
1610	2402.3329904079437	1.774302895863851	1.0	0
1611	2403.4589190483093	1.6108345429102582	1.0	0
1612	2404.632490158081	1.540896479288737	1.0	0
1613	2405.8055503368378	1.6962337017059326	1.0	0
1614	2406.9377703666687	1.6583028952280678	1.0	0
1615	2408.09175658226	1.6157259543736775	1.0	0
1616	2409.192833185196	1.6590574661890667	1.0	0
1617	2410.4077563285828	1.8563488483428956	1.0	0
1618	2411.5803978443146	1.8439463297526042	1.0	0
1619	2412.7108731269836	2.1224897940953573	1.0	0
1620	2413.8727736473083	1.7134217262268066	1.0	0
1621	2414.9879767894745	1.817706600824992	1.0	0
1622	2416.1694231033325	1.7169461846351621	1.0	0
1623	2417.350415945053	1.6853440046310424	1.0	0
1624	2418.5083463191986	1.3837395389874776	1.0	0
1625	2419.687089920044	2.1116538206736246	1.0	0
1626	2420.846849679947	1.892778595288595	1.0	0
1627	2421.9885442256927	1.7550264199574788	1.0	0
1628	2423.1648700237274	1.5570860544840492	1.0	0
1629	2424.3162128925323	1.6233807722727456	1.0	0
1630	2425.4589343070984	1.5002502600351972	1.0	0
1631	2426.639495372772	1.8794423182805378	1.0	0
1632	2427.8166291713715	1.9511768023173013	1.0	0
1633	2429.018894672394	1.854012203216553	1.0	0
1634	2430.227736234665	1.688919973373413	1.0	0
1635	2431.4059541225433	1.6356695493062336	1.0	0
1636	2432.540514230728	1.4759970903396606	1.0	0
1637	2433.706114053726	1.7030437787373862	1.0	0
1638	2434.9190545082092	1.6073184609413151	1.0	0
1639	2436.0851662158966	1.6540956576665244	1.0	0
1640	2437.272717475891	1.8433619260787966	1.0	0
1641	2438.44966173172	1.795468270778656	1.0	0
1642	2439.638672351837	1.688431207338969	1.0	0
1643	2440.8098633289337	1.6582711736361184	1.0	0
1644	2441.9562060832977	1.646009031931559	1.0	0
1645	2443.095632791519	1.521329927444458	1.0	38.6000%
1646	2447.0073873996735	1.8047062397003173	1.0	31.7100%
1647	2450.846541404724	1.7355536818504331	1.0	37.3800%
1648	2454.762097597122	1.6590676188468936	1.0	37.6400%
1649	2458.7092826366425	1.4801822185516356	1.0	39.2700%
1650	2462.660934448242	1.749442927042643	1.0	0
1651	2463.7689769268036	1.781824032465617	1.0	0
1652	2464.908442258835	1.596239384015401	1.0	0
1653	2466.085967540741	1.7169937054316204	1.0	0
1654	2467.2623262405396	1.7656296491622927	1.0	0
1655	2468.4089093208313	1.7566816727320356	1.0	0
1656	2469.546757221222	1.5967003027598061	1.0	0
1657	2470.6780183315277	1.4121586680412297	1.0	0
1658	2471.8237195014954	1.5436913728713988	1.0	0
1659	2472.9803783893585	1.7762834628423052	1.0	0
1660	2474.221981048584	1.725434195995331	1.0	0
1661	2475.3686697483063	1.512413581212362	1.0	0
1662	2476.531152486801	1.7484902064005534	1.0	0
1663	2477.711086988449	1.4524211049079896	1.0	0
1664	2478.938825368881	1.5134123881657917	1.0	0
1665	2480.092491865158	1.8866136948267618	1.0	0
1666	2481.246161222458	1.8493805567423502	1.0	0
1667	2482.354019641876	1.6886234164237979	1.0	0
1668	2483.5081832408905	1.523529040813446	1.0	0
1669	2484.662053823471	1.623539153734843	1.0	0
1670	2485.7543523311615	1.7195204416910808	1.0	0
1671	2486.9661128520966	1.7921674172083535	1.0	0
1672	2488.0917587280273	1.5806194464365642	1.0	0
1673	2489.2515032291412	1.5217146952946983	1.0	0
1674	2490.4053208827972	1.6993144035339358	1.0	0
1675	2491.5471091270447	1.6304175138473511	1.0	0
1676	2492.7419464588165	1.6292553504308065	1.0	0
1677	2493.8946175575256	1.9176629543304442	1.0	0
1678	2495.0940845012665	1.671320656935374	1.0	0
1679	2496.2212986946106	1.7434306621551514	1.0	0
1680	2497.3227965831757	1.5988575379053749	1.0	0
1681	2498.500967502594	1.5575508395830793	1.0	0
1682	2499.687577724457	1.6134157021840414	1.0	0
1683	2500.826046228409	1.5981570323308307	1.0	0
1684	2501.9697914123535	1.5938494443893432	1.0	0
1685	2503.1486814022064	1.7365301847457886	1.0	0
1686	2504.35374379158	1.510015877087911	1.0	0
1687	2505.528904914856	1.4857586622238157	1.0	0
1688	2506.746698617935	1.641735831896464	1.0	0
1689	2507.872669696808	1.6367940823237102	1.0	0
1690	2509.064027070999	1.896304972966512	1.0	0
1691	2510.321422815323	1.7766074260075886	1.0	0
1692	2511.4352395534515	1.729597600301107	1.0	0
1693	2512.577474832535	1.9102894941965738	1.0	0
1694	2513.7628417015076	1.6284547487894698	1.0	0
1695	2514.9556727409363	1.5844040115674336	1.0	36.1700%
1696	2518.8871150016785	1.81253674030304	1.0	34.6500%
1697	2522.8051612377167	1.6788824876149497	1.0	35.1800%
1698	2526.6483204364777	1.7258036851882934	1.0	37.8800%
1699	2530.595095872879	1.715391969680786	1.0	39.8000%
1700	2534.533143043518	1.5705276886622113	1.0	0
1701	2535.729208946228	1.7727995475133258	1.0	0
1702	2536.8954741954803	1.62426989475886	1.0	0
1703	2538.0765290260315	1.4608049631118774	1.0	0
1704	2539.237689971924	1.8079522649447124	1.0	0
1705	2540.354300737381	1.923459760348002	1.0	0
1706	2541.5190794467926	1.7237362305323285	1.0	0
1707	2542.705883741379	1.6335609912872315	1.0	0
1708	2543.8560857772827	1.5736013372739155	1.0	0
1709	2545.0078177452087	1.6342562675476073	1.0	0
1710	2546.173033952713	1.7071128368377684	1.0	0
1711	2547.321152448654	1.5916125575701399	1.0	0
1712	2548.4646072387695	1.5165923198064168	1.0	0
1713	2549.5880188941956	1.7547183911005657	1.0	0
1714	2550.772071838379	1.7245336373647053	1.0	0
1715	2551.943707704544	1.6619316895802811	1.0	0
1716	2553.0539491176605	1.58285493850708	1.0	0
1717	2554.2076246738434	1.463521699110667	1.0	0
1718	2555.331192970276	1.7593042810757955	1.0	0
1719	2556.4916162490845	1.5641258637110391	1.0	0
1720	2557.6372814178467	1.6307786544164022	1.0	0
1721	2558.8327701091766	1.6404855807622274	1.0	0
1722	2560.072142601013	1.4397425452868144	1.0	0
1723	2561.2254548072815	1.658193508783976	1.0	0
1724	2562.352103471756	1.7556052843729653	1.0	0
1725	2563.5036809444427	1.760373067855835	1.0	0
1726	2564.676287174225	1.5295943895975748	1.0	0
1727	2565.8289234638214	1.5811548829078672	1.0	0
1728	2567.0129537582397	1.5819885412851968	1.0	0
1729	2568.180521249771	1.7212463935216267	1.0	0
1730	2569.3930463790894	1.651478715737661	1.0	0
1731	2570.5485038757324	1.905629841486613	1.0	0
1732	2571.713376045227	1.9168425718943278	1.0	0
1733	2572.8642287254333	1.692467204729716	1.0	0
1734	2574.0596883296967	1.676668671766917	1.0	0
1735	2575.234813451767	1.6036404212315878	1.0	0
1736	2576.40922164917	1.6732697486877441	1.0	0
1737	2577.594903230667	1.7375047842661537	1.0	0
1738	2578.7266914844513	1.6296690384546917	1.0	0
1739	2579.8846848011017	1.4106979370117188	1.0	0
1740	2581.09100317955	1.5625861088434856	1.0	0
1741	2582.2618894577026	1.7021383523941043	1.0	0
1742	2583.405717611313	1.9259169816970827	1.0	0
1743	2584.6115534305573	1.986753726005554	1.0	0
1744	2585.7202570438385	1.7810472408930462	1.0	0
1745	2586.896311044693	1.662473662694295	1.0	38.9400%
1746	2590.8405978679657	2.0653167804082235	1.0	30.7900%
1747	2594.7832584381104	2.3082216183344517	1.0	15.9400%
1748	2598.687693119049	76.50769303639731	1.0	10.0000%
1749	2602.5712225437164	4212.280875651041	1.0	10.0000%
1750	2606.4515273571014	270825450.93333334	1.0	0
1751	2607.491949081421	6.73308862351375e+22	1.0	0
1752	2608.8935055732727	9729425224918630.0	1.0	0
1753	2610.332038164139	2.398136679331462	1.0	0
1754	2611.7583401203156	2.384326044718424	1.0	0
1755	2613.173528432846	2.355908886591594	1.0	0
1756	2614.605488061905	2.3619853019714356	1.0	0
1757	2615.996420145035	2.352931706110637	1.0	0
1758	2617.4283254146576	2.3071425278981526	1.0	0
1759	2618.8552944660187	2.313883765538533	1.0	0
1760	2620.2761709690094	2.3713152090708416	1.0	0
1761	2621.7178604602814	2.311879587173462	1.0	0
1762	2623.1423823833466	2.368374490737915	1.0	0
1763	2624.663031101227	nan	1.0	0
1764	2626.087405204773	2.318614101409912	1.0	0
1765	2627.5022399425507	2.2975603580474857	1.0	0
1766	2628.8856678009033	2.3235790888468424	1.0	0
1767	2630.3473699092865	2.303620338439941	1.0	0
1768	2631.8269815444946	2.3033764521280924	1.0	0
1769	2633.2563819885254	2.3788718859354656	1.0	0
1770	2634.6919910907745	2.3322962601979573	1.0	0
1771	2636.0791308879852	2.3171665827433268	1.0	0
1772	2637.504030942917	2.334832811355591	1.0	0
1773	2638.9566435813904	2.3112387657165527	1.0	0
